0
0
0.000509605
0.00158101
-0.00161324
-0.00939614
0.00170824
0.0325764
0.153755
0.379513
0.571059
0.741855
0.928544
1.10378
1.27745
1.44507
1.60764
1.76311
1.91247
2.05334
2.18714
2.3112
2.42732
2.5326
2.62922
2.71406
2.78966
2.85272
2.9061
2.94639
2.97671
2.99359
3.00038
2.99359
2.97673
2.94637
2.90613
2.85268
2.7897
2.71401
2.62928
2.53254
2.42739
2.31113
2.18722
2.05326
1.91255
1.76302
1.60773
1.44498
1.27755
1.10414
0.927219
0.745895
0.562268
0.375884
0.18845
-5.4483e-005
-0.188341
-0.375992
-0.562161
-0.746
-0.927116
-1.10424
-1.27745
-1.44507
-1.60764
-1.76311
-1.91247
-2.05334
-2.18714
-2.3112
-2.42732
-2.5326
-2.62922
-2.71406
-2.78966
-2.85272
-2.9061
-2.94639
-2.97671
-2.99359
-3.00038
-2.99359
-2.97673
-2.94637
-2.90613
-2.85268
-2.7897
-2.71401
-2.62928
-2.53254
-2.42739
-2.31113
-2.18722
-2.05326
-1.91255
-1.76302
-1.60773
-1.44498
-1.27755
-1.10414
-0.927219
-0.745895
-0.562268
-0.375884
-0.18845
5.4483e-005
0.188341
0.375992
0.562161
0.746
0.927116
1.10424
1.27745
1.44507
1.60764
1.76311
1.91247
2.05334
2.18714
2.3112
2.42732
2.5326
2.62922
2.71406
2.78966
2.85272
2.9061
2.94639
2.97671
2.99359
3.00038
2.99359
2.97673
2.94637
2.90613
2.85268
2.7897
2.71401
2.62928
2.53254
2.42739
2.31113
2.18722
2.05326
1.91255
1.76302
1.60773
1.44498
1.27755
1.10414
0.927219
0.745895
0.562268
0.375884
0.18845
-5.4483e-005
-0.188341
-0.375992
-0.562161
-0.746
-0.927116
-1.10424
-1.27745
-1.44507
-1.60764
-1.76311
-1.91247
-2.05334
-2.18714
-2.3112
-2.42732
-2.5326
-2.62922
-2.71406
-2.78966
-2.85272
-2.9061
-2.94639
-2.97671
-2.99359
-3.00038
-2.99359
-2.97673
-2.94637
-2.90613
-2.85268
-2.7897
-2.71401
-2.62928
-2.53254
-2.42739
-2.31113
-2.18722
-2.05326
-1.91255
-1.76302
-1.60773
-1.44498
-1.27755
-1.10414
-0.927219
-0.745895
-0.560446
-0.370231
-0.193085
-0.030026
0.197426
0.49194
0.420823
-0.0370193
-0.0212557
0.42312
0.853244
1.43797
1.75943
1.74374
1.87947
2.06398
2.18714
2.3112
2.42732
2.5326
2.62922
2.71406
2.78966
2.85272
2.9061
2.94639
2.97671
2.99359
3.00038
2.99359
2.97673
2.94637
2.90613
2.85268
2.7897
2.71401
2.62928
2.53254
2.42739
2.31113
2.18722
2.05326
1.91255
1.76302
1.60773
1.44498
1.27755
1.10414
0.927219
0.745895
0.562268
0.375884
0.18845
-5.4483e-005
-0.188341
-0.375992
-0.562161
-0.746
-0.927116
-1.10424
-1.27745
-1.44507
-1.60764
-1.76311
-1.91247
-2.05334
-2.18714
-2.3112
-2.42732
-2.5326
-2.62922
-2.71406
-2.78966
-2.85272
-2.9061
-2.94639
-2.97671
-2.99359
-3.00038
-2.99359
-2.97673
-2.94637
-2.90613
-2.85268
-2.7897
-2.71401
-2.62928
-2.53254
-2.42739
-2.31113
-2.18722
-2.05326
-1.91255
-1.76302
-1.60773
-1.44498
-1.27755
-1.10414
-0.927219
-0.745895
-0.562268
-0.375884
-0.18845
5.4483e-005
0.188341
0.375992
0.562161
0.746
0.927116
1.10424
1.27745
1.44507
1.60764
1.76311
1.91247
2.05334
2.18714
2.3112
2.42732
2.5326
2.62922
2.71406
2.78966
2.85272
2.9061
2.94639
2.97671
2.99359
3.00038
2.99359
2.97673
2.94637
2.90613
2.85268
2.7897
2.71401
2.62928
2.53254
2.42739
2.31113
2.18722
2.05326
1.91255
1.76302
1.60773
1.44498
1.27755
1.10414
0.927219
0.745895
0.562268
0.375884
0.18845
-5.4483e-005
-0.188341
-0.375992
-0.562161
-0.746
-0.927116
-1.10424
-1.27745
-1.44507
-1.60764
-1.76311
-1.91247
-2.05334
-2.18714
-2.3112
-2.42732
-2.5326
-2.62922
-2.71406
-2.78966
-2.85272
-2.9061
-2.94639
-2.97671
-2.99359
-3.00038
-2.99359
-2.97673
-2.94637
-2.90613
-2.85268
-2.7897
-2.71401
-2.62928
-2.53254
-2.42739
-2.31113
-2.18722
-2.05326
-1.91255
-1.76302
-1.60773
-1.44498
-1.27755
-1.10414
-0.927219
-0.745895
-0.562268
-0.375884
-0.18845
5.4483e-005
0.188341
0.375992
0.562161
0.746
0.927116
1.10424
1.27745
1.44507
1.60764
1.76311
1.91247
2.05334
2.18714
2.3112
2.43452
2.55493
2.61277
2.601
2.8108
3.24898
2.38286
0.137935
-0.242544
1.10134
1.96486
2.94678
3.37685
2.90067
2.81316
2.88264
2.7897
2.71401
2.62928
2.53254
2.42739
2.31113
2.18722
2.05326
1.91255
1.76302
1.60773
1.44498
1.27755
1.10414
0.927219
0.745895
0.562268
0.375884
0.18845
-5.4483e-005
-0.188341
-0.375992
-0.562161
-0.746
-0.927116
-1.10424
-1.27745
-1.44507
-1.60764
-1.76311
-1.91247
-2.05334
-2.18714
-2.3112
-2.42732
-2.5326
-2.62922
-2.71406
-2.78966
-2.85272
-2.9061
-2.94639
-2.97671
-2.99359
-3.00038
-2.99359
-2.97673
-2.94637
-2.90613
-2.85268
-2.7897
-2.71401
-2.62928
-2.53254
-2.42739
-2.31113
-2.18722
-2.05326
-1.91255
-1.76302
-1.60773
-1.44498
-1.27755
-1.10414
-0.927219
-0.745895
-0.560446
-0.370231
-0.193085
-0.030026
0.197426
0.49194
0.420823
-0.0370193
-0.0212557
0.42312
0.853244
1.43797
1.75943
1.74374
1.87947
2.06398
2.18714
2.3112
2.42732
2.5326
2.62922
2.71406
2.78966
2.85272
2.9061
2.94639
2.97671
2.99359
3.00038
2.99359
2.97673
2.94637
2.90613
2.85268
2.7897
2.71401
2.62928
2.53254
2.42739
2.31113
2.18722
2.05326
1.91255
1.76302
1.60773
1.44498
1.27755
1.10414
0.927219
0.745895
0.562268
0.375884
0.18845
-5.4483e-005
-0.188341
-0.375992
-0.562161
-0.746
-0.927116
-1.10424
-1.27745
-1.44507
-1.60764
-1.76311
-1.91247
-2.05334
-2.18714
-2.3112
-2.42732
-2.5326
-2.62922
-2.71406
-2.78966
-2.85272
-2.9061
-2.94639
-2.97671
-2.99359
-3.00038
-2.99359
-2.97673
-2.94637
-2.90613
-2.85268
-2.7897
-2.71401
-2.62928
-2.53254
-2.42739
-2.31113
-2.18722
-2.05326
-1.91255
-1.76302
-1.60773
-1.44498
-1.27755
-1.10414
-0.927219
-0.745895
-0.562268
-0.375884
-0.18845
5.4483e-005
0.188341
0.375992
0.562161
0.746
0.927116
1.10424
1.27745
1.44507
1.60764
1.76311
1.91247
2.05334
2.18714
2.3112
2.42732
2.5326
2.62922
2.71406
2.78966
2.85272
2.9061
2.94639
2.97671
2.99359
3.00038
2.99359
2.97673
2.94637
2.90613
2.85268
2.7897
2.71401
2.62928
2.53254
2.42739
2.31113
2.18722
2.05326
1.91255
1.76302
1.60773
1.44498
1.27755
1.10414
0.927219
0.745895
0.562268
0.375884
0.18845
-5.4483e-005
-0.188341
-0.375992
-0.562161
-0.746
-0.927116
-1.10424
-1.27745
-1.44507
-1.60764
-1.76311
-1.91247
-2.05334
-2.18714
-2.3112
-2.42732
-2.5326
-2.62922
-2.71406
-2.78966
-2.85272
-2.9061
-2.94639
-2.97671
-2.99359
-3.00038
-2.99359
-2.97673
-2.94637
-2.90613
-2.85268
-2.7897
-2.71401
-2.62928
-2.53254
-2.42739
-2.31113
-2.18722
-2.05326
-1.91255
-1.76302
-1.60773
-1.44498
-1.27612
-1.09971
-0.931935
-0.772828
-0.556656
-0.280361
-0.0983888
-0.00597725
0.0350549
-0.0116529
-0.00463428
0.0609116
-0.00406643
-0.178237
0.233244
1.26105
1.72805
1.726
1.90799
2.06345
2.17746
2.31432
2.42732
2.5326
2.62922
2.71406
2.78966
2.85272
2.9061
2.94639
2.97671
2.99359
3.00038
2.99359
2.97673
2.94637
2.90613
2.85268
2.7897
2.71401
2.62928
2.53254
2.42739
2.31113
2.18722
2.05326
1.91255
1.76302
1.60773
1.44498
1.27755
1.10414
0.927219
0.745895
0.562268
0.375884
0.18845
-5.4483e-005
-0.188341
-0.375992
-0.562161
-0.746
-0.927116
-1.10424
-1.27745
-1.44507
-1.60764
-1.76311
-1.91247
-2.05334
-2.18714
-2.3112
-2.42732
-2.5326
-2.62922
-2.71406
-2.78966
-2.85272
-2.9061
-2.94639
-2.97671
-2.99359
-3.00038
-2.99359
-2.97673
-2.94637
-2.90613
-2.85268
-2.7897
-2.71401
-2.62928
-2.53254
-2.42739
-2.31113
-2.18722
-2.05326
-1.91255
-1.76302
-1.60773
-1.44498
-1.27755
-1.10414
-0.927219
-0.745895
-0.562268
-0.375884
-0.18845
5.4483e-005
0.188341
0.375992
0.562161
0.746
0.927116
1.10424
1.27745
1.44507
1.60764
1.76311
1.91247
2.05334
2.18714
2.3112
2.42732
2.5326
2.62922
2.71406
2.78966
2.85272
2.9061
2.94639
2.97671
2.99359
3.00038
2.99359
2.97673
2.94637
2.90613
2.85268
2.7897
2.71401
2.62928
2.53254
2.42739
2.31113
2.18722
2.05326
1.91255
1.76302
1.60773
1.44498
1.27755
1.10414
0.927219
0.745895
0.562268
0.375884
0.18845
-5.4483e-005
-0.188341
-0.375992
-0.562161
-0.746
-0.927116
-1.10424
-1.27745
-1.44507
-1.60764
-1.76311
-1.91247
-2.05334
-2.18714
-2.3112
-2.42732
-2.5326
-2.62922
-2.71406
-2.78966
-2.85272
-2.9061
-2.94639
-2.97671
-2.99359
-3.00038
-2.99359
-2.97673
-2.94637
-2.90613
-2.85268
-2.7897
-2.71401
-2.62928
-2.53254
-2.42739
-2.31113
-2.18722
-2.05326
-1.91255
-1.76302
-1.60773
-1.44498
-1.27755
-1.10414
-0.927219
-0.745895
-0.562268
-0.375884
-0.18845
5.4483e-005
0.188341
0.375992
0.562161
0.746
0.927116
1.10424
1.27745
1.44507
1.60764
1.76311
1.91247
2.05334
2.18714
2.3112
2.42732
2.5326
2.62922
2.71406
2.78966
2.85272
2.9061
2.94639
2.97671
2.99359
3.00038
2.99359
2.97673
2.94637
2.90613
2.85268
2.7897
2.71401
2.62928
2.53254
2.42739
2.31113
2.18722
2.05326
1.91255
1.76302
1.60773
1.44498
1.27755
1.10414
0.927219
0.745895
0.562268
0.375884
0.18845
-5.4483e-005
-0.188341
-0.375992
-0.562161
-0.746
-0.927116
-1.10424
-1.27745
-1.44507
-1.60764
-1.76311
-1.91247
-2.05334
-2.18714
-2.3112
-2.42732
-2.5326
-2.62922
-2.71406
-2.78966
-2.85272
-2.9061
-2.94639
-2.97671
-2.99359
-3.00038
-2.99359
-2.97673
-2.94637
-2.90613
-2.85268
-2.7897
-2.71401
-2.62928
-2.53254
-2.42739
-2.31113
-2.18722
-2.05326
-1.91255
-1.76302
-1.60773
-1.44498
-1.27755
-1.10414
-0.927729
-0.747476
-0.560655
-0.366488
-0.190158
-0.0325219
