0
0
7.41433e-012
2.30124e-011
-2.72069e-011
-1.48378e-010
-9.89626e-011
1.22183e-010
-1.32486e-009
-1.52559e-009
9.44916e-010
5.06245e-009
3.2391e-008
2.98384e-008
1.34484e-007
-1.56124e-007
2.5278e-007
1.69409e-007
-2.19036e-006
3.67334e-007
-1.12333e-005
1.18355e-005
-2.71201e-005
3.3969e-005
1.15211e-005
-0.000109797
0.00036966
-0.00052488
0.00109019
-0.00198584
0.00207327
-0.00233327
0.00107359
0.00274971
-0.00297008
-0.000823062
0.00181803
6.69363e-006
-0.000638709
0.000121307
8.2776e-005
7.02205e-006
-4.78498e-005
4.37547e-005
-4.26834e-005
4.43022e-005
-4.60528e-005
4.7973e-005
-4.95835e-005
5.09426e-005
-5.20855e-005
5.30678e-005
-5.38057e-005
5.43613e-005
-5.4665e-005
5.47803e-005
-5.46478e-005
5.43315e-005
-5.37716e-005
5.303e-005
-5.2054e-005
5.09061e-005
-4.95258e-005
4.79749e-005
-4.62076e-005
4.42801e-005
-4.2159e-005
3.9898e-005
-3.74554e-005
3.48808e-005
-3.21503e-005
2.93072e-005
-2.63366e-005
2.32741e-005
-2.01123e-005
1.68828e-005
-1.35759e-005
1.02144e-005
-6.81359e-006
3.38882e-006
4.80326e-008
-3.48918e-006
6.91081e-006
-1.03137e-005
1.36652e-005
-1.69734e-005
2.02023e-005
-2.33677e-005
2.64239e-005
-2.93945e-005
3.22276e-005
-3.49562e-005
3.752e-005
-3.99556e-005
4.22135e-005
-4.43369e-005
4.62558e-005
-4.80218e-005
4.95649e-005
-5.09366e-005
5.20855e-005
-5.30678e-005
5.38057e-005
-5.43613e-005
5.4665e-005
-5.47803e-005
5.46478e-005
-5.43315e-005
5.37716e-005
-5.303e-005
5.2054e-005
-5.09061e-005
4.95258e-005
-4.79749e-005
4.62076e-005
-4.42801e-005
4.2159e-005
-3.9898e-005
3.74554e-005
-3.48808e-005
3.21503e-005
-2.93072e-005
2.63366e-005
-2.32741e-005
2.01123e-005
-1.68828e-005
1.35759e-005
-1.02144e-005
6.81359e-006
-3.38882e-006
-4.80326e-008
3.48918e-006
-6.91081e-006
1.03137e-005
-1.36652e-005
1.69734e-005
-2.02023e-005
2.33677e-005
-2.64239e-005
2.93945e-005
-3.22276e-005
3.49562e-005
-3.752e-005
3.99556e-005
-4.22135e-005
4.43369e-005
-4.62558e-005
4.80218e-005
-4.95649e-005
5.09366e-005
-5.20855e-005
5.30678e-005
-5.38057e-005
5.43613e-005
-5.4665e-005
5.47803e-005
-5.46478e-005
5.43315e-005
-5.37716e-005
5.303e-005
-5.2054e-005
5.09061e-005
-4.95258e-005
4.79749e-005
-4.62076e-005
4.42801e-005
-4.2159e-005
3.9898e-005
-3.74554e-005
3.48808e-005
-3.21503e-005
2.93072e-005
-2.63366e-005
2.32741e-005
-2.01123e-005
1.68828e-005
-1.35759e-005
1.02144e-005
-6.81359e-006
3.38882e-006
4.80326e-008
-3.48918e-006
6.91081e-006
-1.03137e-005
1.36652e-005
-1.69734e-005
2.02023e-005
-2.33677e-005
2.64239e-005
-2.93945e-005
3.22276e-005
-3.49562e-005
3.752e-005
-3.99556e-005
4.22135e-005
-4.43369e-005
4.62558e-005
-4.80218e-005
4.95649e-005
-5.09366e-005
5.20855e-005
-5.30678e-005
5.38057e-005
-5.43613e-005
5.4665e-005
-5.47802e-005
5.46477e-005
-5.43319e-005
5.37713e-005
-5.30296e-005
5.20487e-005
-5.09132e-005
4.9525e-005
-4.79584e-005
4.63087e-005
-4.41819e-005
4.27261e-005
-4.03234e-005
3.90761e-005
-3.42458e-005
2.65799e-005
-2.9646e-005
-1.55992e-005
2.22818e-005
-0.000130383
0.000135599
-0.0001483
-0.000174855
0.00101372
-0.00170041
0.00488727
-0.00971009
0.0145684
-0.0194037
0.02219
-0.0206135
0.0179754
-0.0257823
0.0133896
0.0328955
-0.034229
-0.0166214
0.0275438
0.00319713
-0.0124973
0.00053416
0.00368604
-0.000446487
-0.000812331
0.000199111
5.45205e-005
2.71723e-005
-6.31477e-005
5.69883e-005
-5.42358e-005
5.4642e-005
-5.46478e-005
5.43315e-005
-5.37716e-005
5.303e-005
-5.2054e-005
5.09061e-005
-4.95258e-005
4.79749e-005
-4.62076e-005
4.42801e-005
-4.2159e-005
3.9898e-005
-3.74554e-005
3.48808e-005
-3.21503e-005
2.93072e-005
-2.63366e-005
2.32741e-005
-2.01123e-005
1.68828e-005
-1.35759e-005
1.02144e-005
-6.81359e-006
3.38882e-006
4.80326e-008
-3.48918e-006
6.91081e-006
-1.03137e-005
1.36652e-005
-1.69734e-005
2.02023e-005
-2.33677e-005
2.64239e-005
-2.93945e-005
3.22276e-005
-3.49562e-005
3.752e-005
-3.99556e-005
4.22135e-005
-4.43369e-005
4.62558e-005
-4.80218e-005
4.95649e-005
-5.09366e-005
5.20855e-005
-5.30678e-005
5.38057e-005
-5.43613e-005
5.4665e-005
-5.47803e-005
5.46478e-005
-5.43315e-005
5.37716e-005
-5.303e-005
5.2054e-005
-5.09061e-005
4.95258e-005
-4.79749e-005
4.62076e-005
-4.42801e-005
4.2159e-005
-3.9898e-005
3.74554e-005
-3.48808e-005
3.21503e-005
-2.93072e-005
2.63366e-005
-2.32741e-005
2.01123e-005
-1.68828e-005
1.35759e-005
-1.02144e-005
6.81359e-006
-3.38882e-006
-4.80326e-008
3.48918e-006
-6.91081e-006
1.03137e-005
-1.36652e-005
1.69734e-005
-2.02023e-005
2.33677e-005
-2.64239e-005
2.93945e-005
-3.22276e-005
3.49562e-005
-3.752e-005
3.99556e-005
-4.22135e-005
4.43369e-005
-4.62558e-005
4.80218e-005
-4.95649e-005
5.09366e-005
-5.20855e-005
5.30678e-005
-5.38057e-005
5.43613e-005
-5.4665e-005
5.47803e-005
-5.46478e-005
5.43315e-005
-5.37716e-005
5.303e-005
-5.2054e-005
5.09061e-005
-4.95258e-005
4.79749e-005
-4.62076e-005
4.42801e-005
-4.2159e-005
3.9898e-005
-3.74554e-005
3.48808e-005
-3.21503e-005
2.93072e-005
-2.63366e-005
2.32741e-005
-2.01123e-005
1.68828e-005
-1.35759e-005
1.02144e-005
-6.81359e-006
3.38882e-006
4.80326e-008
-3.48918e-006
6.91081e-006
-1.03137e-005
1.36652e-005
-1.69734e-005
2.02023e-005
-2.33677e-005
2.64239e-005
-2.93945e-005
3.22276e-005
-3.49562e-005
3.752e-005
-3.99556e-005
4.22135e-005
-4.43369e-005
4.62558e-005
-4.80218e-005
4.95649e-005
-5.09366e-005
5.20855e-005
-5.30678e-005
5.38057e-005
-5.43613e-005
5.4665e-005
-5.47803e-005
5.46478e-005
-5.43315e-005
5.37716e-005
-5.303e-005
5.2054e-005
-5.09061e-005
4.95258e-005
-4.79749e-005
4.62076e-005
-4.42801e-005
4.2159e-005
-3.9898e-005
3.74554e-005
-3.48808e-005
3.21503e-005
-2.93072e-005
2.63367e-005
-2.32738e-005
2.0112e-005
-1.68846e-005
1.35744e-005
-1.02137e-005
6.7927e-006
-3.41389e-006
-5.44314e-008
3.54622e-006
-6.48526e-006
1.07469e-005
-1.13253e-005
1.53114e-005
-1.38724e-005
2.47973e-005
-4.9806e-005
3.14266e-005
-0.000210105
0.000213021
-0.000634529
0.000679348
-0.000587994
-0.00068827
0.00443301
-0.00763064
0.0203791
-0.0382843
0.0551051
-0.0749153
0.0766993
-0.055896
0.0397583
-0.0531259
0.0245106
0.0789395
-0.0788637
-0.0432718
0.0681496
0.00907508
-0.0320407
0.00104599
0.00980508
-0.00122111
-0.00209708
0.000434483
0.000254673
-3.57471e-005
-5.81125e-005
3.65931e-005
-2.51275e-005
2.28844e-005
-2.01123e-005
1.68828e-005
-1.35759e-005
1.02144e-005
-6.81359e-006
3.38882e-006
4.80326e-008
-3.48918e-006
6.91081e-006
-1.03137e-005
1.36652e-005
-1.69734e-005
2.02023e-005
-2.33677e-005
2.64239e-005
-2.93945e-005
3.22276e-005
-3.49562e-005
3.752e-005
-3.99556e-005
4.22135e-005
-4.43369e-005
4.62558e-005
-4.80218e-005
4.95649e-005
-5.09366e-005
5.20855e-005
-5.30678e-005
5.38057e-005
-5.43613e-005
5.4665e-005
-5.47802e-005
5.46477e-005
-5.43319e-005
5.37713e-005
-5.30296e-005
5.20487e-005
-5.09132e-005
4.9525e-005
-4.79584e-005
4.63087e-005
-4.41819e-005
4.27261e-005
-4.03234e-005
3.90761e-005
-3.42458e-005
2.65799e-005
-2.9646e-005
-1.55992e-005
2.22818e-005
-0.000130383
0.000135599
-0.0001483
-0.000174855
0.00101372
-0.00170041
0.00488727
-0.00971009
0.0145684
-0.0194037
0.02219
-0.0206135
0.0179754
-0.0257823
0.0133896
0.0328955
-0.034229
-0.0166214
0.0275438
0.00319713
-0.0124973
0.00053416
0.00368604
-0.000446487
-0.000812331
0.000199111
5.45205e-005
2.71723e-005
-6.31477e-005
5.69883e-005
-5.42358e-005
5.4642e-005
-5.46478e-005
5.43315e-005
-5.37716e-005
5.303e-005
-5.2054e-005
5.09061e-005
-4.95258e-005
4.79749e-005
-4.62076e-005
4.42801e-005
-4.2159e-005
3.9898e-005
-3.74554e-005
3.48808e-005
-3.21503e-005
2.93072e-005
-2.63366e-005
2.32741e-005
-2.01123e-005
1.68828e-005
-1.35759e-005
1.02144e-005
-6.81359e-006
3.38882e-006
4.80326e-008
-3.48918e-006
6.91081e-006
-1.03137e-005
1.36652e-005
-1.69734e-005
2.02023e-005
-2.33677e-005
2.64239e-005
-2.93945e-005
3.22276e-005
-3.49562e-005
3.752e-005
-3.99556e-005
4.22135e-005
-4.43369e-005
4.62558e-005
-4.80218e-005
4.95649e-005
-5.09366e-005
5.20855e-005
-5.30678e-005
5.38057e-005
-5.43613e-005
5.4665e-005
-5.47803e-005
5.46478e-005
-5.43315e-005
5.37716e-005
-5.303e-005
5.2054e-005
-5.09061e-005
4.95258e-005
-4.79749e-005
4.62076e-005
-4.42801e-005
4.2159e-005
-3.9898e-005
3.74554e-005
-3.48808e-005
3.21503e-005
-2.93072e-005
2.63366e-005
-2.32741e-005
2.01123e-005
-1.68828e-005
1.35759e-005
-1.02144e-005
6.81359e-006
-3.38882e-006
-4.80326e-008
3.48918e-006
-6.91081e-006
1.03137e-005
-1.36652e-005
1.69734e-005
-2.02023e-005
2.33677e-005
-2.64239e-005
2.93945e-005
-3.22276e-005
3.49562e-005
-3.752e-005
3.99556e-005
-4.22135e-005
4.43369e-005
-4.62558e-005
4.80218e-005
-4.95649e-005
5.09366e-005
-5.20855e-005
5.30678e-005
-5.38057e-005
5.43613e-005
-5.4665e-005
5.47803e-005
-5.46478e-005
5.43315e-005
-5.37716e-005
5.303e-005
-5.2054e-005
5.09061e-005
-4.95258e-005
4.79749e-005
-4.62076e-005
4.42801e-005
-4.2159e-005
3.9898e-005
-3.74554e-005
3.48808e-005
-3.21503e-005
2.93072e-005
-2.63366e-005
2.32741e-005
-2.01123e-005
1.68828e-005
-1.35759e-005
1.02144e-005
-6.81359e-006
3.38882e-006
4.80326e-008
-3.48918e-006
6.91081e-006
-1.03137e-005
1.36652e-005
-1.69734e-005
2.02023e-005
-2.33677e-005
2.64239e-005
-2.93945e-005
3.22276e-005
-3.49562e-005
3.752e-005
-3.99556e-005
4.22135e-005
-4.43369e-005
4.62558e-005
-4.80218e-005
4.95649e-005
-5.09366e-005
5.20855e-005
-5.30678e-005
5.38057e-005
-5.43618e-005
5.46647e-005
-5.47799e-005
5.46441e-005
-5.43358e-005
5.37747e-005
-5.30154e-005
5.2144e-005
-5.0824e-005
4.98918e-005
-4.8422e-005
4.68889e-005
-4.37236e-005
3.59807e-005
-3.9019e-005
6.67054e-006
-2.00724e-006
-4.16375e-005
6.25715e-005
6.15368e-005
-0.000339456
0.00105364
-0.00143556
0.00302186
-0.00550614
0.00581151
-0.00632148
0.00279569
0.00828416
-0.0103366
-0.000356669
-0.00259914
0.0177995
-0.0241681
0.0276793
-0.0192529
-0.00340977
0.010858
-0.00433409
0.000445342
0.00154222
-0.00180008
0.000330437
0.000297846
-0.000183639
6.58819e-005
8.2622e-005
-0.000124437
6.05382e-005
-3.66656e-005
5.07493e-005
-5.67677e-005
5.53454e-005
-5.45219e-005
5.42909e-005
-5.37716e-005
5.303e-005
-5.2054e-005
5.09061e-005
-4.95258e-005
4.79749e-005
-4.62076e-005
4.42801e-005
-4.2159e-005
3.9898e-005
-3.74554e-005
3.48808e-005
-3.21503e-005
2.93072e-005
-2.63366e-005
2.32741e-005
-2.01123e-005
1.68828e-005
-1.35759e-005
1.02144e-005
-6.81359e-006
3.38882e-006
4.80326e-008
-3.48918e-006
6.91081e-006
-1.03137e-005
1.36652e-005
-1.69734e-005
2.02023e-005
-2.33677e-005
2.64239e-005
-2.93945e-005
3.22276e-005
-3.49562e-005
3.752e-005
-3.99556e-005
4.22135e-005
-4.43369e-005
4.62558e-005
-4.80218e-005
4.95649e-005
-5.09366e-005
5.20855e-005
-5.30678e-005
5.38057e-005
-5.43613e-005
5.4665e-005
-5.47803e-005
5.46478e-005
-5.43315e-005
5.37716e-005
-5.303e-005
5.2054e-005
-5.09061e-005
4.95258e-005
-4.79749e-005
4.62076e-005
-4.42801e-005
4.2159e-005
-3.9898e-005
3.74554e-005
-3.48808e-005
3.21503e-005
-2.93072e-005
2.63366e-005
-2.32741e-005
2.01123e-005
-1.68828e-005
1.35759e-005
-1.02144e-005
6.81359e-006
-3.38882e-006
-4.80326e-008
3.48918e-006
-6.91081e-006
1.03137e-005
-1.36652e-005
1.69734e-005
-2.02023e-005
2.33677e-005
-2.64239e-005
2.93945e-005
-3.22276e-005
3.49562e-005
-3.752e-005
3.99556e-005
-4.22135e-005
4.43369e-005
-4.62558e-005
4.80218e-005
-4.95649e-005
5.09366e-005
-5.20855e-005
5.30678e-005
-5.38057e-005
5.43613e-005
-5.4665e-005
5.47803e-005
-5.46478e-005
5.43315e-005
-5.37716e-005
5.303e-005
-5.2054e-005
5.09061e-005
-4.95258e-005
4.79749e-005
-4.62076e-005
4.42801e-005
-4.2159e-005
3.9898e-005
-3.74554e-005
3.48808e-005
-3.21503e-005
2.93072e-005
-2.63366e-005
2.32741e-005
-2.01123e-005
1.68828e-005
-1.35759e-005
1.02144e-005
-6.81359e-006
3.38882e-006
4.80326e-008
-3.48918e-006
6.91081e-006
-1.03137e-005
1.36652e-005
-1.69734e-005
2.02023e-005
-2.33677e-005
2.64239e-005
-2.93945e-005
3.22276e-005
-3.49562e-005
3.752e-005
-3.99556e-005
4.22135e-005
-4.43369e-005
4.62558e-005
-4.80218e-005
4.95649e-005
-5.09366e-005
5.20855e-005
-5.30678e-005
5.38057e-005
-5.43613e-005
5.4665e-005
-5.47803e-005
5.46478e-005
-5.43315e-005
5.37716e-005
-5.303e-005
5.2054e-005
-5.09061e-005
4.95258e-005
-4.79749e-005
4.62076e-005
-4.42801e-005
4.2159e-005
-3.9898e-005
3.74554e-005
-3.48808e-005
3.21503e-005
-2.93072e-005
2.63366e-005
-2.32741e-005
2.01123e-005
-1.68828e-005
1.35759e-005
-1.02144e-005
6.81359e-006
-3.38882e-006
-4.80326e-008
3.48918e-006
-6.91081e-006
1.03137e-005
-1.36652e-005
1.69734e-005
-2.02023e-005
2.33677e-005
-2.64239e-005
2.93945e-005
-3.22276e-005
3.49562e-005
-3.752e-005
3.99556e-005
-4.22135e-005
4.43369e-005
-4.62558e-005
4.80218e-005
-4.95649e-005
5.09366e-005
-5.20855e-005
5.30678e-005
-5.38057e-005
5.43613e-005
-5.4665e-005
5.47803e-005
-5.46478e-005
5.43315e-005
-5.37716e-005
5.303e-005
-5.2054e-005
5.09061e-005
-4.95258e-005
4.79749e-005
-4.62076e-005
4.42801e-005
-4.2159e-005
3.9898e-005
-3.74554e-005
3.48808e-005
-3.21503e-005
2.93072e-005
-2.63366e-005
2.32741e-005
-2.01123e-005
1.68828e-005
-1.35759e-005
1.02144e-005
-6.81359e-006
3.38882e-006
4.80326e-008
-3.48918e-006
6.91081e-006
-1.03137e-005
1.36652e-005
-1.69734e-005
2.02023e-005
-2.33677e-005
2.64239e-005
-2.93945e-005
3.22276e-005
-3.49562e-005
3.752e-005
-3.99556e-005
4.22135e-005
-4.43369e-005
4.62558e-005
-4.80218e-005
4.95649e-005
-5.09366e-005
5.20855e-005
-5.30678e-005
5.38057e-005
-5.43614e-005
5.4665e-005
-5.47802e-005
5.46479e-005
-5.43316e-005
