0
0
1.24307e-006
3.8582e-006
-4.14532e-006
-2.35851e-005
-2.78268e-006
5.97571e-005
-0.000132832
-8.67858e-005
4.83679e-006
0.000102181
0.00108268
-0.000135579
0.00373313
-0.0166289
0.014813
0.00359403
-0.0089942
0.00171129
0.00130373
-0.000362636
-9.80023e-005
0.000129069
-0.000139276
0.000128429
-0.00012894
0.000139828
-0.00015008
0.000159836
-0.000168877
0.000177386
-0.000185054
0.000192078
-0.000198246
0.000203764
-0.000208371
0.000212296
-0.000215241
0.000217449
-0.00021866
0.00021913
-0.000218601
0.000217322
-0.000215083
0.000212132
-0.000208231
0.000203635
-0.000198106
0.000191882
-0.000184814
0.000177126
-0.000168647
0.00015959
-0.000149812
0.000139515
-0.000128592
0.000117208
-0.000105329
9.31023e-005
-8.0455e-005
6.75093e-005
-5.42752e-005
4.08435e-005
-2.72454e-005
1.35435e-005
2.07136e-007
-1.39771e-005
2.76638e-005
-4.12692e-005
5.4674e-005
-6.79122e-005
8.08294e-005
-9.34846e-005
0.000105711
-0.00011761
0.00012894
-0.000139828
0.00015008
-0.000159836
0.000168877
-0.000177386
0.000185054
-0.000192078
0.000198246
-0.000203764
0.000208371
-0.000212296
0.000215241
-0.000217449
0.00021866
-0.00021913
0.000218601
-0.000217322
0.000215083
-0.000212132
0.000208231
-0.000203635
0.000198106
-0.000191882
0.000184814
-0.000177126
0.000168647
-0.00015959
0.000149812
-0.000139515
0.000128592
-0.000117208
0.000105329
-9.31023e-005
8.0455e-005
-6.75093e-005
5.42752e-005
-4.08435e-005
2.72454e-005
-1.35435e-005
-2.07136e-007
1.39771e-005
-2.76638e-005
4.12692e-005
-5.4674e-005
6.79122e-005
-8.08294e-005
9.34846e-005
-0.000105711
0.00011761
-0.00012894
0.000139828
-0.00015008
0.000159836
-0.000168877
0.000177386
-0.000185054
0.000192078
-0.000198246
0.000203764
-0.000208371
0.000212296
-0.000215241
0.000217449
-0.00021866
0.00021913
-0.000218601
0.000217322
-0.000215083
0.000212132
-0.000208231
0.000203635
-0.000198106
0.000191882
-0.000184814
0.000177126
-0.000168647
0.00015959
-0.000149812
0.000139515
-0.000128592
0.000117208
-0.000105329
9.31023e-005
-8.0455e-005
6.75093e-005
-5.42752e-005
4.08435e-005
-2.72454e-005
1.35435e-005
2.07136e-007
-1.39771e-005
2.76638e-005
-4.12692e-005
5.4674e-005
-6.79122e-005
8.08294e-005
-9.34846e-005
0.000105711
-0.00011761
0.00012894
-0.000139828
0.00015008
-0.000159836
0.000168877
-0.000177386
0.000185054
-0.000192078
0.000198246
-0.000203764
0.000208371
-0.000212296
0.000215241
-0.000217449
0.00021866
-0.00021913
0.000218601
-0.000217322
0.000215083
-0.000212132
0.000208231
-0.000203635
0.000198106
-0.000191882
0.000184814
-0.000177126
0.000168647
-0.00015959
0.000154262
-0.000125704
0.000116534
-0.000193003
0.000102111
0.000117756
-0.00045583
-0.000551885
-0.000256211
0.000927182
0.00219937
-0.00147209
0.0159637
-0.0583522
0.075128
-0.0262475
0.0479968
-0.199852
0.173416
0.0637348
-0.121438
-0.00342558
0.04536
-0.00716488
-0.00816023
0.00204706
0.000607078
-7.27258e-005
-0.000185054
0.000192078
-0.000198246
0.000203764
-0.000208371
0.000212296
-0.000215241
0.000217449
-0.00021866
0.00021913
-0.000218601
0.000217322
-0.000215083
0.000212132
-0.000208231
0.000203635
-0.000198106
0.000191882
-0.000184814
0.000177126
-0.000168647
0.00015959
-0.000149812
0.000139515
-0.000128592
0.000117208
-0.000105329
9.31023e-005
-8.0455e-005
6.75093e-005
-5.42752e-005
4.08435e-005
-2.72454e-005
1.35435e-005
2.07136e-007
-1.39771e-005
2.76638e-005
-4.12692e-005
5.4674e-005
-6.79122e-005
8.08294e-005
-9.34846e-005
0.000105711
-0.00011761
0.00012894
-0.000139828
0.00015008
-0.000159836
0.000168877
-0.000177386
0.000185054
-0.000192078
0.000198246
-0.000203764
0.000208371
-0.000212296
0.000215241
-0.000217449
0.00021866
-0.00021913
0.000218601
-0.000217322
0.000215083
-0.000212132
0.000208231
-0.000203635
0.000198106
-0.000191882
0.000184814
-0.000177126
0.000168647
-0.00015959
0.000149812
-0.000139515
0.000128592
-0.000117208
0.000105329
-9.31023e-005
8.0455e-005
-6.75093e-005
5.42752e-005
-4.08435e-005
2.72454e-005
-1.35435e-005
-2.07136e-007
1.39771e-005
-2.76638e-005
4.12692e-005
-5.4674e-005
6.79122e-005
-8.08294e-005
9.34846e-005
-0.000105711
0.00011761
-0.00012894
0.000139828
-0.00015008
0.000159836
-0.000168877
0.000177386
-0.000185054
0.000192078
-0.000198246
0.000203764
-0.000208371
0.000212296
-0.000215241
0.000217449
-0.00021866
0.00021913
-0.000218601
0.000217322
-0.000215083
0.000212132
-0.000208231
0.000203635
-0.000198106
0.000191882
-0.000184814
0.000177126
-0.000168647
0.00015959
-0.000149812
0.000139515
-0.000128592
0.000117208
-0.000105329
9.31023e-005
-8.0455e-005
6.75093e-005
-5.42752e-005
4.08435e-005
-2.72454e-005
1.35435e-005
2.07136e-007
-1.39771e-005
2.76638e-005
-4.12692e-005
5.4674e-005
-6.79122e-005
8.08294e-005
-9.34846e-005
0.000105711
-0.00011761
0.00012894
-0.000139828
0.00015008
-0.000159836
0.000168877
-0.000177386
0.000185054
-0.000192078
0.000198246
-0.000203764
0.000208371
-0.000212296
0.000215241
-0.000217449
0.00021866
-0.00021913
0.000218601
-0.000217322
0.000215083
-0.000212132
0.000208231
-0.000203635
0.000198106
-0.000191882
0.000184814
-0.000177126
0.000168647
-0.00015959
0.000149812
-0.000139515
0.000128592
-0.000117208
0.000105329
-9.31023e-005
8.0455e-005
-6.75093e-005
5.42752e-005
-4.08435e-005
2.72454e-005
-1.35435e-005
-2.07136e-007
1.39771e-005
-2.76638e-005
4.12692e-005
-5.4674e-005
6.79122e-005
-6.32527e-005
0.000148039
-0.000148813
-0.000167731
-0.000178389
0.000819659
-0.00220453
-0.00111978
-0.00183757
0.00260611
0.0107282
-0.00356995
0.0665353
-0.232807
0.29157
-0.161514
0.179963
-0.486966
0.397806
0.172632
-0.303684
-0.0153012
0.120486
-0.0185432
-0.0221286
0.00531199
0.0019881
-0.000512792
-0.000184814
0.000177126
-0.000168647
0.00015959
-0.000149812
0.000139515
-0.000128592
0.000117208
-0.000105329
9.31023e-005
-8.0455e-005
6.75093e-005
-5.42752e-005
4.08435e-005
-2.72454e-005
1.35435e-005
2.07136e-007
-1.39771e-005
2.76638e-005
-4.12692e-005
5.4674e-005
-6.79122e-005
8.08294e-005
-9.34846e-005
0.000105711
-0.00011761
0.00012894
-0.000139828
0.00015008
-0.000159836
0.000168877
-0.000177386
0.000185054
-0.000192078
0.000198246
-0.000203764
0.000208371
-0.000212296
0.000215241
-0.000217449
0.00021866
-0.00021913
0.000218601
-0.000217322
0.000215083
-0.000212132
0.000208231
-0.000203635
0.000198106
-0.000191882
0.000184814
-0.000177126
0.000168647
-0.00015959
0.000154262
-0.000125704
0.000116534
-0.000193003
0.000102111
0.000117756
-0.00045583
-0.000551885
-0.000256211
0.000927182
0.00219937
-0.00147209
0.0159637
-0.0583522
0.075128
-0.0262475
0.0479968
-0.199852
0.173416
0.0637348
-0.121438
-0.00342558
0.04536
-0.00716488
-0.00816023
0.00204706
0.000607078
-7.27258e-005
-0.000185054
0.000192078
-0.000198246
0.000203764
-0.000208371
0.000212296
-0.000215241
0.000217449
-0.00021866
0.00021913
-0.000218601
0.000217322
-0.000215083
0.000212132
-0.000208231
0.000203635
-0.000198106
0.000191882
-0.000184814
0.000177126
-0.000168647
0.00015959
-0.000149812
0.000139515
-0.000128592
0.000117208
-0.000105329
9.31023e-005
-8.0455e-005
6.75093e-005
-5.42752e-005
4.08435e-005
-2.72454e-005
1.35435e-005
2.07136e-007
-1.39771e-005
2.76638e-005
-4.12692e-005
5.4674e-005
-6.79122e-005
8.08294e-005
-9.34846e-005
0.000105711
-0.00011761
0.00012894
-0.000139828
0.00015008
-0.000159836
0.000168877
-0.000177386
0.000185054
-0.000192078
0.000198246
-0.000203764
0.000208371
-0.000212296
0.000215241
-0.000217449
0.00021866
-0.00021913
0.000218601
-0.000217322
0.000215083
-0.000212132
0.000208231
-0.000203635
0.000198106
-0.000191882
0.000184814
-0.000177126
0.000168647
-0.00015959
0.000149812
-0.000139515
0.000128592
-0.000117208
0.000105329
-9.31023e-005
8.0455e-005
-6.75093e-005
5.42752e-005
-4.08435e-005
2.72454e-005
-1.35435e-005
-2.07136e-007
1.39771e-005
-2.76638e-005
4.12692e-005
-5.4674e-005
6.79122e-005
-8.08294e-005
9.34846e-005
-0.000105711
0.00011761
-0.00012894
0.000139828
-0.00015008
0.000159836
-0.000168877
0.000177386
-0.000185054
0.000192078
-0.000198246
0.000203764
-0.000208371
0.000212296
-0.000215241
0.000217449
-0.00021866
0.00021913
-0.000218601
0.000217322
-0.000215083
0.000212132
-0.000208231
0.000203635
-0.000198106
0.000191882
-0.000184814
0.000177126
-0.000168647
0.00015959
-0.000149812
0.000139515
-0.000128592
0.000117208
-0.000105329
9.31023e-005
-8.0455e-005
6.75093e-005
-5.42752e-005
4.08435e-005
-2.72454e-005
1.35435e-005
2.07136e-007
-1.39771e-005
2.76638e-005
-4.12692e-005
5.4674e-005
-6.79122e-005
8.08294e-005
-9.34846e-005
0.000105711
-0.00011761
0.00012894
-0.000139828
0.00015008
-0.000159836
0.000168877
-0.000177386
0.000185054
-0.000192078
0.000198246
-0.000203764
0.000208371
-0.000212296
0.000215241
-0.000217449
0.00021866
-0.00021913
0.000218601
-0.000217322
0.000215083
-0.000212132
0.000208231
-0.000203635
0.000198106
-0.000191882
0.000188299
-0.000166307
0.000156555
-0.000227176
0.000144075
3.84915e-005
-0.0002444
-0.000392247
0.000158728
0.000221451
0.00308212
-0.00037362
0.0101427
-0.0468787
0.0415363
0.0165869
-0.0284819
-0.00365619
0.00617236
-0.00137315
-0.0342891
0.116488
-0.123999
0.0638906
-0.022923
-0.00495674
0.0140174
-0.00559273
0.000837803
0.000967642
-0.00136575
0.000359412
4.25485e-005
0.000118716
-0.000198246
0.000203764
-0.000208371
0.000212296
-0.000215241
0.000217449
-0.00021866
0.00021913
-0.000218601
0.000217322
-0.000215083
0.000212132
-0.000208231
0.000203635
-0.000198106
0.000191882
-0.000184814
0.000177126
-0.000168647
0.00015959
-0.000149812
0.000139515
-0.000128592
0.000117208
-0.000105329
9.31023e-005
-8.0455e-005
6.75093e-005
-5.42752e-005
4.08435e-005
-2.72454e-005
1.35435e-005
2.07136e-007
-1.39771e-005
2.76638e-005
-4.12692e-005
5.4674e-005
-6.79122e-005
8.08294e-005
-9.34846e-005
0.000105711
-0.00011761
0.00012894
-0.000139828
0.00015008
-0.000159836
0.000168877
-0.000177386
0.000185054
-0.000192078
0.000198246
-0.000203764
0.000208371
-0.000212296
0.000215241
-0.000217449
0.00021866
-0.00021913
0.000218601
-0.000217322
0.000215083
-0.000212132
0.000208231
-0.000203635
0.000198106
-0.000191882
0.000184814
-0.000177126
0.000168647
-0.00015959
0.000149812
-0.000139515
0.000128592
-0.000117208
0.000105329
-9.31023e-005
8.0455e-005
-6.75093e-005
5.42752e-005
-4.08435e-005
2.72454e-005
-1.35435e-005
-2.07136e-007
1.39771e-005
-2.76638e-005
4.12692e-005
-5.4674e-005
6.79122e-005
-8.08294e-005
9.34846e-005
-0.000105711
0.00011761
-0.00012894
0.000139828
-0.00015008
0.000159836
-0.000168877
0.000177386
-0.000185054
0.000192078
-0.000198246
0.000203764
-0.000208371
0.000212296
-0.000215241
0.000217449
-0.00021866
0.00021913
-0.000218601
0.000217322
-0.000215083
0.000212132
-0.000208231
0.000203635
-0.000198106
0.000191882
-0.000184814
0.000177126
-0.000168647
0.00015959
-0.000149812
0.000139515
-0.000128592
0.000117208
-0.000105329
9.31023e-005
-8.0455e-005
6.75093e-005
-5.42752e-005
4.08435e-005
-2.72454e-005
1.35435e-005
2.07136e-007
-1.39771e-005
2.76638e-005
-4.12692e-005
5.4674e-005
-6.79122e-005
8.08294e-005
-9.34846e-005
0.000105711
-0.00011761
0.00012894
-0.000139828
0.00015008
-0.000159836
0.000168877
-0.000177386
0.000185054
-0.000192078
0.000198246
-0.000203764
0.000208371
-0.000212296
0.000215241
-0.000217449
0.00021866
-0.00021913
0.000218601
-0.000217322
0.000215083
-0.000212132
0.000208231
-0.000203635
0.000198106
-0.000191882
0.000184814
-0.000177126
0.000168647
-0.00015959
0.000149812
-0.000139515
0.000128592
-0.000117208
0.000105329
-9.31023e-005
8.0455e-005
-6.75093e-005
5.42752e-005
-4.08435e-005
2.72454e-005
-1.35435e-005
-2.07136e-007
1.39771e-005
-2.76638e-005
4.12692e-005
-5.4674e-005
6.79122e-005
-8.08294e-005
9.34846e-005
-0.000105711
0.00011761
-0.00012894
0.000139828
-0.00015008
0.000159836
-0.000168877
0.000177386
-0.000185054
0.000192078
-0.000198246
0.000203764
-0.000208371
0.000212296
-0.000215241
0.000217449
-0.00021866
0.00021913
-0.000218601
0.000217322
-0.000215083
0.000212132
-0.000208231
0.000203635
-0.000198106
0.000191882
-0.000184814
0.000177126
-0.000168647
0.00015959
-0.000149812
0.000139515
-0.000128592
0.000117208
-0.000105329
9.31023e-005
-8.0455e-005
6.75093e-005
-5.42752e-005
4.08435e-005
-2.72454e-005
1.35435e-005
2.07136e-007
-1.39771e-005
2.76638e-005
-4.12692e-005
5.4674e-005
-6.79122e-005
8.08294e-005
-9.34846e-005
0.000105711
-0.00011761
0.00012894
-0.000139828
0.00015008
-0.000159836
0.000168877
-0.000177386
0.000185054
-0.000192078
0.000198246
-0.000203764
0.000208371
-0.000212296
0.000215241
-0.000217449
0.00021866
-0.00021913
0.000218601
-0.000217322
0.000215083
-0.000212132
0.000208231
-0.000203635
0.000198106
-0.000191882
0.000184814
-0.000177126
0.000167404
-0.000163448
0.000153958
-0.00011593
0.000131374
-0.000176965
