0
0
3.03587e-009
9.42266e-009
-1.0632e-008
-5.91777e-008
-2.37011e-008
9.78532e-008
-4.36413e-007
-4.27166e-007
1.2354e-007
9.50391e-007
7.08446e-006
3.80768e-006
2.80055e-005
-6.04427e-005
7.8225e-005
5.14819e-005
-0.000256471
0.000210825
-0.00123209
0.00236571
-0.00351483
0.00705076
-0.00504814
-0.00411359
0.00583566
0.000141807
-0.00213938
0.000291826
0.000452997
-0.000167885
3.9862e-005
-5.45195e-005
6.57801e-005
-7.44406e-005
8.06791e-005
-8.47161e-005
8.86495e-005
-9.25517e-005
9.6018e-005
-9.915e-005
0.000101846
-0.000104213
0.000106108
-0.00010765
0.000108692
-0.000109361
0.00010953
-0.000109329
0.000108634
-0.00010757
0.000106032
-0.000104144
0.000101784
-9.90797e-005
9.59237e-005
-9.24322e-005
8.85361e-005
-8.43457e-005
7.97748e-005
-7.49273e-005
6.9742e-005
-6.43127e-005
5.85993e-005
-5.26788e-005
4.65353e-005
-4.02379e-005
3.37568e-005
-2.71455e-005
2.04226e-005
-1.36262e-005
6.7762e-006
1.03726e-007
-6.97646e-006
1.38355e-005
-2.06219e-005
2.73446e-005
-3.39376e-005
4.0425e-005
-4.67232e-005
5.28705e-005
-5.87723e-005
6.44874e-005
-6.98937e-005
7.50599e-005
-7.98898e-005
8.44617e-005
-8.86495e-005
9.25517e-005
-9.6018e-005
9.915e-005
-0.000101846
0.000104213
-0.000106108
0.00010765
-0.000108692
0.000109361
-0.00010953
0.000109329
-0.000108634
0.00010757
-0.000106032
0.000104144
-0.000101784
9.90797e-005
-9.59237e-005
9.24322e-005
-8.85361e-005
8.43457e-005
-7.97748e-005
7.49273e-005
-6.9742e-005
6.43127e-005
-5.85993e-005
5.26788e-005
-4.65353e-005
4.02379e-005
-3.37568e-005
2.71455e-005
-2.04226e-005
1.36262e-005
-6.7762e-006
-1.03726e-007
6.97646e-006
-1.38355e-005
2.06219e-005
-2.73446e-005
3.39376e-005
-4.0425e-005
4.67232e-005
-5.28705e-005
5.87723e-005
-6.44874e-005
6.98937e-005
-7.50599e-005
7.98898e-005
-8.44617e-005
8.86495e-005
-9.25517e-005
9.6018e-005
-9.915e-005
0.000101846
-0.000104213
0.000106108
-0.00010765
0.000108692
-0.000109361
0.00010953
-0.000109329
0.000108634
-0.00010757
0.000106032
-0.000104144
0.000101784
-9.90797e-005
9.59237e-005
-9.24322e-005
8.85361e-005
-8.43457e-005
7.97748e-005
-7.49273e-005
6.9742e-005
-6.43127e-005
5.85993e-005
-5.26788e-005
4.65353e-005
-4.02379e-005
3.37568e-005
-2.71455e-005
2.04226e-005
-1.36262e-005
6.7762e-006
1.03726e-007
-6.97646e-006
1.38355e-005
-2.06219e-005
2.73446e-005
-3.39376e-005
4.0425e-005
-4.67232e-005
5.28705e-005
-5.87723e-005
6.44874e-005
-6.98937e-005
7.50599e-005
-7.98898e-005
8.44617e-005
-8.86495e-005
9.25517e-005
-9.6018e-005
9.915e-005
-0.000101846
0.000104213
-0.000106108
0.00010765
-0.000108692
0.000109361
-0.00010953
0.000109329
-0.000108634
0.00010757
-0.000106032
0.000104144
-0.000101773
9.91135e-005
-9.5955e-005
9.22414e-005
-8.86056e-005
8.4685e-005
-8.15298e-005
7.2846e-005
-7.05684e-005
6.80857e-005
-3.8578e-005
6.27687e-005
7.15254e-005
-0.000154872
0.000399566
0.000123841
-0.000408886
0.000102224
-0.00399911
0.0096637
-0.0186692
0.0331143
-0.0414508
0.0313745
-0.0348676
0.0802931
-0.058157
-0.0548322
0.0714642
0.0158236
-0.0400214
0.00102905
0.0126086
-0.00181189
-0.00241397
0.000447586
0.000388827
-0.000177194
8.35976e-005
-9.8331e-005
0.000106108
-0.00010765
0.000108692
-0.000109361
0.00010953
-0.000109329
0.000108634
-0.00010757
0.000106032
-0.000104144
0.000101784
-9.90797e-005
9.59237e-005
-9.24322e-005
8.85361e-005
-8.43457e-005
7.97748e-005
-7.49273e-005
6.9742e-005
-6.43127e-005
5.85993e-005
-5.26788e-005
4.65353e-005
-4.02379e-005
3.37568e-005
-2.71455e-005
2.04226e-005
-1.36262e-005
6.7762e-006
1.03726e-007
-6.97646e-006
1.38355e-005
-2.06219e-005
2.73446e-005
-3.39376e-005
4.0425e-005
-4.67232e-005
5.28705e-005
-5.87723e-005
6.44874e-005
-6.98937e-005
7.50599e-005
-7.98898e-005
8.44617e-005
-8.86495e-005
9.25517e-005
-9.6018e-005
9.915e-005
-0.000101846
0.000104213
-0.000106108
0.00010765
-0.000108692
0.000109361
-0.00010953
0.000109329
-0.000108634
0.00010757
-0.000106032
0.000104144
-0.000101784
9.90797e-005
-9.59237e-005
9.24322e-005
-8.85361e-005
8.43457e-005
-7.97748e-005
7.49273e-005
-6.9742e-005
6.43127e-005
-5.85993e-005
5.26788e-005
-4.65353e-005
4.02379e-005
-3.37568e-005
2.71455e-005
-2.04226e-005
1.36262e-005
-6.7762e-006
-1.03726e-007
6.97646e-006
-1.38355e-005
2.06219e-005
-2.73446e-005
3.39376e-005
-4.0425e-005
4.67232e-005
-5.28705e-005
5.87723e-005
-6.44874e-005
6.98937e-005
-7.50599e-005
7.98898e-005
-8.44617e-005
8.86495e-005
-9.25517e-005
9.6018e-005
-9.915e-005
0.000101846
-0.000104213
0.000106108
-0.00010765
0.000108692
-0.000109361
0.00010953
-0.000109329
0.000108634
-0.00010757
0.000106032
-0.000104144
0.000101784
-9.90797e-005
9.59237e-005
-9.24322e-005
8.85361e-005
-8.43457e-005
7.97748e-005
-7.49273e-005
6.9742e-005
-6.43127e-005
5.85993e-005
-5.26788e-005
4.65353e-005
-4.02379e-005
3.37568e-005
-2.71455e-005
2.04226e-005
-1.36262e-005
6.7762e-006
1.03726e-007
-6.97646e-006
1.38355e-005
-2.06219e-005
2.73446e-005
-3.39376e-005
4.0425e-005
-4.67232e-005
5.28705e-005
-5.87723e-005
6.44874e-005
-6.98937e-005
7.50599e-005
-7.98898e-005
8.44617e-005
-8.86495e-005
9.25517e-005
-9.6018e-005
9.915e-005
-0.000101846
0.000104213
-0.000106108
0.00010765
-0.000108692
0.000109361
-0.00010953
0.000109329
-0.000108634
0.00010757
-0.000106032
0.000104144
-0.000101784
9.90797e-005
-9.59237e-005
9.24322e-005
-8.85361e-005
8.43457e-005
-7.97748e-005
7.49273e-005
-6.9742e-005
6.43127e-005
-5.85993e-005
5.26788e-005
-4.65353e-005
4.02379e-005
-3.37568e-005
2.71455e-005
-2.04226e-005
1.36262e-005
-6.73327e-006
2.95081e-008
6.86401e-006
-1.45547e-005
2.02558e-005
-2.6384e-005
2.71084e-005
-4.72461e-005
4.2265e-005
-4.13218e-005
0.000145888
-1.35156e-005
0.000559281
-0.000849127
0.00177075
1.31278e-005
-0.00163934
0.00150168
-0.0179412
0.037853
-0.073618
0.13584
-0.155502
0.108597
-0.0962214
0.182309
-0.123514
-0.138242
0.171509
0.0442165
-0.102227
0.00161854
0.0331976
-0.00449471
-0.00669239
0.00135835
0.000898274
-0.00029932
2.8362e-005
-5.83556e-005
6.9742e-005
-6.43127e-005
5.85993e-005
-5.26788e-005
4.65353e-005
-4.02379e-005
3.37568e-005
-2.71455e-005
2.04226e-005
-1.36262e-005
6.7762e-006
1.03726e-007
-6.97646e-006
1.38355e-005
-2.06219e-005
2.73446e-005
-3.39376e-005
4.0425e-005
-4.67232e-005
5.28705e-005
-5.87723e-005
6.44874e-005
-6.98937e-005
7.50599e-005
-7.98898e-005
8.44617e-005
-8.86495e-005
9.25517e-005
-9.6018e-005
9.915e-005
-0.000101846
0.000104213
-0.000106108
0.00010765
-0.000108692
0.000109361
-0.00010953
0.000109329
-0.000108634
0.00010757
-0.000106032
0.000104144
-0.000101773
9.91135e-005
-9.5955e-005
9.22414e-005
-8.86056e-005
8.4685e-005
-8.15298e-005
7.2846e-005
-7.05684e-005
6.80857e-005
-3.8578e-005
6.27687e-005
7.15254e-005
-0.000154872
0.000399566
0.000123841
-0.000408886
0.000102224
-0.00399911
0.0096637
-0.0186692
0.0331143
-0.0414508
0.0313745
-0.0348676
0.0802931
-0.058157
-0.0548322
0.0714642
0.0158236
-0.0400214
0.00102905
0.0126086
-0.00181189
-0.00241397
0.000447586
0.000388827
-0.000177194
8.35976e-005
-9.8331e-005
0.000106108
-0.00010765
0.000108692
-0.000109361
0.00010953
-0.000109329
0.000108634
-0.00010757
0.000106032
-0.000104144
0.000101784
-9.90797e-005
9.59237e-005
-9.24322e-005
8.85361e-005
-8.43457e-005
7.97748e-005
-7.49273e-005
6.9742e-005
-6.43127e-005
5.85993e-005
-5.26788e-005
4.65353e-005
-4.02379e-005
3.37568e-005
-2.71455e-005
2.04226e-005
-1.36262e-005
6.7762e-006
1.03726e-007
-6.97646e-006
1.38355e-005
-2.06219e-005
2.73446e-005
-3.39376e-005
4.0425e-005
-4.67232e-005
5.28705e-005
-5.87723e-005
6.44874e-005
-6.98937e-005
7.50599e-005
-7.98898e-005
8.44617e-005
-8.86495e-005
9.25517e-005
-9.6018e-005
9.915e-005
-0.000101846
0.000104213
-0.000106108
0.00010765
-0.000108692
0.000109361
-0.00010953
0.000109329
-0.000108634
0.00010757
-0.000106032
0.000104144
-0.000101784
9.90797e-005
-9.59237e-005
9.24322e-005
-8.85361e-005
8.43457e-005
-7.97748e-005
7.49273e-005
-6.9742e-005
6.43127e-005
-5.85993e-005
5.26788e-005
-4.65353e-005
4.02379e-005
-3.37568e-005
2.71455e-005
-2.04226e-005
1.36262e-005
-6.7762e-006
-1.03726e-007
6.97646e-006
-1.38355e-005
2.06219e-005
-2.73446e-005
3.39376e-005
-4.0425e-005
4.67232e-005
-5.28705e-005
5.87723e-005
-6.44874e-005
6.98937e-005
-7.50599e-005
7.98898e-005
-8.44617e-005
8.86495e-005
-9.25517e-005
9.6018e-005
-9.915e-005
0.000101846
-0.000104213
0.000106108
-0.00010765
0.000108692
-0.000109361
0.00010953
-0.000109329
0.000108634
-0.00010757
0.000106032
-0.000104144
0.000101784
-9.90797e-005
9.59237e-005
-9.24322e-005
8.85361e-005
-8.43457e-005
7.97748e-005
-7.49273e-005
6.9742e-005
-6.43127e-005
5.85993e-005
-5.26788e-005
4.65353e-005
-4.02379e-005
3.37568e-005
-2.71455e-005
2.04226e-005
-1.36262e-005
6.7762e-006
1.03726e-007
-6.97646e-006
1.38355e-005
-2.06219e-005
2.73446e-005
-3.39376e-005
4.0425e-005
-4.67232e-005
5.28705e-005
-5.87723e-005
6.44874e-005
-6.98937e-005
7.50599e-005
-7.98898e-005
8.44617e-005
-8.86495e-005
9.25517e-005
-9.6018e-005
9.915e-005
-0.000101846
0.000104213
-0.000106108
0.00010765
-0.000108692
0.000109361
-0.00010953
0.000109329
-0.000108626
0.000107597
-0.000106063
0.000103974
-0.000101846
9.93802e-005
-9.71426e-005
9.11744e-005
-8.80572e-005
8.71403e-005
-6.00788e-005
8.54401e-005
6.34522e-006
-0.000106639
0.000156264
0.000223921
-0.000781477
0.000583423
-0.00340614
0.00656578
-0.0097396
0.0193806
-0.0140661
-0.0132402
0.0180122
0.00341881
-0.000901388
-0.0176371
0.0349909
-0.0622837
0.0549513
-0.0127189
-0.0073889
0.00889959
-0.0066762
0.000246174
0.002234
-0.00113056
0.000404089
7.80949e-005
-0.000192364
-6.01059e-005
0.000160625
-0.000118367
0.000100755
-0.000105925
0.000108692
-0.000109361
0.00010953
-0.000109329
0.000108634
-0.00010757
0.000106032
-0.000104144
0.000101784
-9.90797e-005
9.59237e-005
-9.24322e-005
8.85361e-005
-8.43457e-005
7.97748e-005
-7.49273e-005
6.9742e-005
-6.43127e-005
5.85993e-005
-5.26788e-005
4.65353e-005
-4.02379e-005
3.37568e-005
-2.71455e-005
2.04226e-005
-1.36262e-005
6.7762e-006
1.03726e-007
-6.97646e-006
1.38355e-005
-2.06219e-005
2.73446e-005
-3.39376e-005
4.0425e-005
-4.67232e-005
5.28705e-005
-5.87723e-005
6.44874e-005
-6.98937e-005
7.50599e-005
-7.98898e-005
8.44617e-005
-8.86495e-005
9.25517e-005
-9.6018e-005
9.915e-005
-0.000101846
0.000104213
-0.000106108
0.00010765
-0.000108692
0.000109361
-0.00010953
0.000109329
-0.000108634
0.00010757
-0.000106032
0.000104144
-0.000101784
9.90797e-005
-9.59237e-005
9.24322e-005
-8.85361e-005
8.43457e-005
-7.97748e-005
7.49273e-005
-6.9742e-005
6.43127e-005
-5.85993e-005
5.26788e-005
-4.65353e-005
4.02379e-005
-3.37568e-005
2.71455e-005
-2.04226e-005
1.36262e-005
-6.7762e-006
-1.03726e-007
6.97646e-006
-1.38355e-005
2.06219e-005
-2.73446e-005
3.39376e-005
-4.0425e-005
4.67232e-005
-5.28705e-005
5.87723e-005
-6.44874e-005
6.98937e-005
-7.50599e-005
7.98898e-005
-8.44617e-005
8.86495e-005
-9.25517e-005
9.6018e-005
-9.915e-005
0.000101846
-0.000104213
0.000106108
-0.00010765
0.000108692
-0.000109361
0.00010953
-0.000109329
0.000108634
-0.00010757
0.000106032
-0.000104144
0.000101784
-9.90797e-005
9.59237e-005
-9.24322e-005
8.85361e-005
-8.43457e-005
7.97748e-005
-7.49273e-005
6.9742e-005
-6.43127e-005
5.85993e-005
-5.26788e-005
4.65353e-005
-4.02379e-005
3.37568e-005
-2.71455e-005
2.04226e-005
-1.36262e-005
6.7762e-006
1.03726e-007
-6.97646e-006
1.38355e-005
-2.06219e-005
2.73446e-005
-3.39376e-005
4.0425e-005
-4.67232e-005
5.28705e-005
-5.87723e-005
6.44874e-005
-6.98937e-005
7.50599e-005
-7.98898e-005
8.44617e-005
-8.86495e-005
9.25517e-005
-9.6018e-005
9.915e-005
-0.000101846
0.000104213
-0.000106108
0.00010765
-0.000108692
0.000109361
-0.00010953
0.000109329
-0.000108634
0.00010757
-0.000106032
0.000104144
-0.000101784
9.90797e-005
-9.59237e-005
9.24322e-005
-8.85361e-005
8.43457e-005
-7.97748e-005
7.49273e-005
-6.9742e-005
6.43127e-005
-5.85993e-005
5.26788e-005
-4.65353e-005
4.02379e-005
-3.37568e-005
2.71455e-005
-2.04226e-005
1.36262e-005
-6.7762e-006
-1.03726e-007
6.97646e-006
-1.38355e-005
2.06219e-005
-2.73446e-005
3.39376e-005
-4.0425e-005
4.67232e-005
-5.28705e-005
5.87723e-005
-6.44874e-005
6.98937e-005
-7.50599e-005
7.98898e-005
-8.44617e-005
8.86495e-005
-9.25517e-005
9.6018e-005
-9.915e-005
0.000101846
-0.000104213
0.000106108
-0.00010765
0.000108692
-0.000109361
0.00010953
-0.000109329
0.000108634
-0.00010757
0.000106032
-0.000104144
0.000101784
-9.90797e-005
9.59237e-005
-9.24322e-005
8.85361e-005
-8.43457e-005
7.97748e-005
-7.49273e-005
6.9742e-005
-6.43127e-005
5.85993e-005
-5.26788e-005
4.65353e-005
-4.02379e-005
3.37568e-005
-2.71455e-005
2.04226e-005
-1.36262e-005
6.7762e-006
1.03726e-007
-6.97646e-006
1.38355e-005
-2.06219e-005
2.73446e-005
-3.39376e-005
4.0425e-005
-4.67232e-005
5.28705e-005
-5.87723e-005
6.44874e-005
-6.98937e-005
7.50599e-005
-7.98898e-005
8.44617e-005
-8.86495e-005
9.25517e-005
-9.6018e-005
9.915e-005
-0.000101846
0.000104213
-0.000106108
0.00010765
-0.000108692
0.000109361
-0.00010953
0.000109329
-0.000108634
0.00010757
-0.000106035
0.000104134
-0.000101774
9.91389e-005
-9.59e-005
9.23343e-005
