0
0
1.67457e-005
5.19748e-005
0.00026808
0.000687663
-0.000960874
-0.00485417
-6.04298e-005
0.0206674
-0.0215429
0.00208499
0.00568142
-0.0026694
0.00095699
-0.000364597
9.18208e-005
-0.000108989
0.000125658
-0.000141951
0.000157519
-0.000172602
0.000186798
-0.00020041
0.000213261
-0.00022556
0.000237498
-0.000248561
0.000259957
-0.000270562
0.000279007
-0.000289018
0.000288287
-0.000279382
0.000275403
-0.00026789
0.000276265
-0.000308115
0.000310215
-0.000280542
0.00026882
-0.000275354
0.000273097
-0.000262681
0.000252951
-0.000244097
0.000233885
-0.000222629
0.000210386
-0.000197435
0.000183587
-0.00016908
0.000153849
-0.000138107
0.000121756
-0.000104969
8.77413e-005
-7.02028e-005
5.23633e-005
-3.43394e-005
1.61336e-005
2.19075e-006
-2.04521e-005
3.8657e-005
-5.6624e-005
7.43638e-005
-9.18153e-005
0.000109043
-0.00012573
0.000141987
-0.000157574
0.000172647
-0.000186914
0.000200549
-0.000213294
0.000225372
-0.000236385
0.000246589
-0.000255674
0.000263907
-0.000270966
0.000277146
-0.000282055
0.00028601
-0.000288651
0.000290316
-0.000290645
0.000289976
-0.000288015
0.000285091
-0.0002809
0.000275784
-0.000269403
0.000262084
-0.0002536
0.00024426
-0.000233832
0.000222609
-0.000210385
0.00019744
-0.000183598
0.000169097
-0.000153873
0.000138138
-0.000121786
0.000104997
-8.77501e-005
7.01836e-005
-5.23244e-005
3.42737e-005
-1.60847e-005
-2.18457e-006
2.04183e-005
-3.86002e-005
5.65872e-005
-7.44076e-005
9.18695e-005
-0.000109032
0.0001257
-0.000141984
0.000157582
-0.00017265
0.000186914
-0.000200548
0.000213293
-0.000225372
0.000236386
-0.000246589
0.000255674
-0.000263907
0.000270966
-0.000277146
0.000282054
-0.000286009
0.00028865
-0.000290316
0.000290645
-0.000289976
0.000288015
-0.000285091
0.0002809
-0.000275783
0.000269402
-0.000262084
0.0002536
-0.00024426
0.000233832
-0.000222609
0.000210385
-0.00019744
0.000183598
-0.000169097
0.000153873
-0.000138138
0.000121786
-0.000104997
8.77501e-005
-7.01836e-005
5.23244e-005
-3.42737e-005
1.60847e-005
2.18457e-006
-2.04183e-005
3.86002e-005
-5.65872e-005
7.44076e-005
-9.18695e-005
0.000109032
-0.0001257
0.000141984
-0.000157582
0.00017265
-0.000186914
0.000200548
-0.000213293
0.000225372
-0.000236386
0.000246589
-0.000255674
0.000263907
-0.000270966
0.000277146
-0.000282054
0.000286009
-0.00028865
0.000290316
-0.000290645
0.000289976
-0.000288015
0.000285091
-0.0002809
0.000275783
-0.000269402
0.000262084
-0.0002536
0.00024426
-0.000233832
0.000222609
-0.000210385
0.00019744
-0.000183598
0.000169097
-0.000153873
0.000138138
-6.18393e-005
0.000291057
0.000909408
0.00264822
-0.00267623
-0.0151338
0.00105711
0.0719349
-0.0898377
-0.00942997
-0.0273768
0.266702
-0.262531
-0.00521671
0.0947957
-0.0120204
-0.0206594
0.00653723
0.000186778
-0.000200442
0.000212767
-0.000224795
0.000235538
-0.000246548
0.000258198
-0.000269585
0.00028825
-0.00030759
0.00033422
-0.000367947
0.000382424
-0.000376601
0.000357507
-0.000343546
0.000284944
-0.000212128
0.000163115
-3.44651e-005
0.000113691
-0.000500898
0.000525497
-0.000141742
4.28716e-005
-0.000238161
0.00029042
-0.000201856
0.000160906
-0.000165898
0.000158285
-0.000138955
0.000121056
-0.000104649
8.75177e-005
-6.98282e-005
5.19308e-005
-3.38944e-005
1.5829e-005
2.25177e-006
-2.02723e-005
3.8246e-005
-5.61346e-005
7.38418e-005
-9.15062e-005
0.000109132
-0.000126028
0.000142569
-0.000157941
0.000172056
-0.000186246
0.000200792
-0.000213757
0.000225354
-0.000236207
0.000246556
-0.000255703
0.000263925
-0.000270973
0.000277139
-0.000282045
0.000286008
-0.000288653
0.000290316
-0.000290645
0.000289978
-0.000288017
0.000285092
-0.000280901
0.000275783
-0.000269402
0.000262082
-0.000253599
0.00024426
-0.000233833
0.00022261
-0.000210386
0.000197438
-0.000183596
0.000169097
-0.000153874
0.000138138
-0.000121785
0.000104997
-8.77501e-005
7.01837e-005
-5.23244e-005
3.42737e-005
-1.60846e-005
-2.18458e-006
2.04183e-005
-3.86002e-005
5.65872e-005
-7.44076e-005
9.18695e-005
-0.000109032
0.0001257
-0.000141984
0.000157582
-0.00017265
0.000186914
-0.000200548
0.000213293
-0.000225372
0.000236386
-0.000246589
0.000255674
-0.000263907
0.000270966
-0.000277146
0.000282054
-0.000286009
0.00028865
-0.000290316
0.000290645
-0.000289976
0.000288015
-0.000285091
0.0002809
-0.000275783
0.000269402
-0.000262084
0.0002536
-0.00024426
0.000233832
-0.000222609
0.000210385
-0.00019744
0.000183598
-0.000169097
0.000153873
-0.000138138
0.000121786
-0.000104997
8.77501e-005
-7.01836e-005
5.23244e-005
-3.42737e-005
1.60847e-005
2.18457e-006
-2.04183e-005
3.86002e-005
-5.65872e-005
7.44076e-005
-9.18695e-005
0.000109032
-0.0001257
0.000141984
-0.000157582
0.00017265
-0.000186914
0.000200548
-0.000213293
0.000225372
-0.000236386
0.000246589
-0.000255674
0.000263907
-0.000270966
0.000277146
-0.000282054
0.000286009
-0.00028865
0.000290316
-0.000290645
0.000289976
-0.000288015
0.000285091
-0.0002809
0.000275783
-0.000269402
0.000262084
-0.0002536
0.00024426
-0.000233832
0.000222609
-0.000210385
0.00019744
-0.000183598
0.000169097
-0.000153873
0.000138138
-0.000121786
0.000104997
-8.77501e-005
7.01836e-005
-5.23244e-005
3.42737e-005
-1.60847e-005
-2.18457e-006
2.04183e-005
-3.86002e-005
5.65872e-005
-7.44076e-005
9.18695e-005
-0.000109032
0.0001257
-0.000141984
0.000157582
-0.00017265
0.000423694
0.000534362
0.00421284
0.0101466
-0.00944402
-0.0585616
-0.00364894
0.254306
-0.337793
0.123256
-0.187122
0.693282
-0.639806
-0.0313031
0.249642
-0.0281561
-0.0583624
0.0186196
0.000280328
-0.000275347
0.000267272
-0.000259737
0.000250531
-0.000244124
0.000245459
-0.000247984
0.000283152
-0.000321544
0.000386147
-0.000483302
0.000480855
-0.000409092
0.000273225
-9.23847e-005
-7.62111e-005
0.000177765
-0.000238827
0.000490909
-0.000298175
-0.000582438
0.000618896
0.000308212
-0.000532592
2.85175e-005
0.000114658
9.91051e-005
-0.000185762
0.000150248
-0.000145733
0.000170569
-0.000189074
0.000201727
-0.000214187
0.000226631
-0.000237651
0.000247667
-0.000256212
0.000263642
-0.0002701
0.00027583
-0.000280727
0.000284863
-0.000288111
0.000290732
-0.000291467
0.000291241
-0.000288721
0.00028364
-0.000279335
0.000276428
-0.000270559
0.000262015
-0.00025313
0.000244181
-0.000233917
0.000222653
-0.000210397
0.00019742
-0.000183573
0.000169094
-0.000153879
0.00013814
-6.18411e-005
0.000291063
0.000909402
0.00264822
-0.00267623
-0.0151338
0.00105711
0.0719349
-0.0898377
-0.00942997
-0.0273768
0.266702
-0.262531
-0.00521671
0.0947957
-0.0120204
-0.0206594
0.00653723
0.000186779
-0.000200442
0.000212767
-0.000224795
0.000235537
-0.000246548
0.000258198
-0.000269585
0.00028825
-0.00030759
0.00033422
-0.000367947
0.000382424
-0.000376601
0.000357507
-0.000343546
0.000284944
-0.000212128
0.000163115
-3.44651e-005
0.000113691
-0.000500898
0.000525497
-0.000141742
4.28717e-005
-0.000238161
0.00029042
-0.000201856
0.000160906
-0.000165898
0.000158285
-0.000138955
0.000121056
-0.000104649
8.75177e-005
-6.98282e-005
5.19308e-005
-3.38944e-005
1.5829e-005
2.25177e-006
-2.02723e-005
3.8246e-005
-5.61346e-005
7.38418e-005
-9.15062e-005
0.000109132
-0.000126028
0.000142569
-0.000157941
0.000172056
-0.000186246
0.000200792
-0.000213757
0.000225354
-0.000236207
0.000246556
-0.000255703
0.000263925
-0.000270973
0.000277139
-0.000282045
0.000286008
-0.000288653
0.000290316
-0.000290645
0.000289978
-0.000288017
0.000285092
-0.000280901
0.000275783
-0.000269402
0.000262082
-0.000253599
0.00024426
-0.000233833
0.00022261
-0.000210386
0.000197438
-0.000183596
0.000169097
-0.000153874
0.000138138
-0.000121785
0.000104997
-8.77501e-005
7.01837e-005
-5.23244e-005
3.42737e-005
-1.60846e-005
-2.18458e-006
2.04183e-005
-3.86002e-005
5.65872e-005
-7.44076e-005
9.18695e-005
-0.000109032
0.0001257
-0.000141984
0.000157582
-0.00017265
0.000186914
-0.000200548
0.000213293
-0.000225372
0.000236386
-0.000246589
0.000255674
-0.000263907
0.000270966
-0.000277146
0.000282054
-0.000286009
0.00028865
-0.000290316
0.000290645
-0.000289976
0.000288015
-0.000285091
0.0002809
-0.000275783
0.000269402
-0.000262084
0.0002536
-0.00024426
0.000233832
-0.000222609
0.000210385
-0.00019744
0.000183598
-0.000169097
0.000153873
-0.000138138
0.000121786
-0.000104997
8.77501e-005
-7.01836e-005
5.23244e-005
-3.42737e-005
1.60847e-005
2.18457e-006
-2.04183e-005
3.86002e-005
-5.65872e-005
7.44076e-005
-9.18695e-005
0.000109032
-0.0001257
0.000141984
-0.000157582
0.00017265
-0.000186914
0.000200548
-0.000213293
0.000225372
-0.000236386
0.000246589
-0.000255674
0.000263907
-0.000270966
0.000277146
-0.000282054
0.000286009
-0.00028865
0.000290316
-0.000290645
0.000289976
-0.000288015
0.000285091
-0.0002809
0.000275783
-0.000269402
0.000262084
-0.0002536
0.00024426
-0.000233832
0.000222609
-0.000210385
0.00019744
-0.00013664
0.000314841
0.000591564
0.00204689
-0.00291018
-0.0137441
0.000215058
0.060135
-0.0609177
-0.00415377
0.02196
-0.00535247
-0.00305903
0.0325758
0.00511949
-0.118519
0.15111
-0.117418
0.0759589
-0.0232294
-0.00299691
0.00631081
-0.00591917
0.00176705
0.000216361
-0.000230731
0.000248167
-0.000264696
0.000277883
-0.00029647
0.000287984
-0.000256381
0.000238928
-0.000216818
0.000221534
-0.000291884
0.000274202
-0.000141042
0.00014668
-0.000263005
0.000348013
-0.00044663
0.000419921
-0.000259934
0.000194445
-0.000213971
0.000224283
-0.00022975
0.000221381
-0.000199851
0.000182069
-0.000167638
0.000152903
-0.000138205
0.000122224
-0.000105131
8.78272e-005
-7.04591e-005
5.26679e-005
-3.45435e-005
1.63308e-005
1.93561e-006
-2.02281e-005
3.83864e-005
-5.65977e-005
7.49786e-005
-9.25078e-005
0.000109344
-0.000125727
0.000141652
-0.000157242
0.000172669
-0.000187064
0.000200623
-0.000213313
0.000225344
-0.00023635
0.000246585
-0.000255683
0.000263912
-0.000270969
0.000277146
-0.000282054
0.000286011
-0.000288652
0.000290317
-0.000290646
0.000289976
-0.000288015
0.000285089
-0.000280898
0.000275782
-0.000269401
0.000262085
-0.000253602
0.000244261
-0.000233832
0.000222608
-0.000210384
0.00019744
-0.000183598
0.000169097
-0.000153873
0.000138137
-0.000121786
0.000104997
-8.77501e-005
7.01837e-005
-5.23244e-005
3.42737e-005
-1.60846e-005
-2.18457e-006
2.04183e-005
-3.86002e-005
5.65872e-005
-7.44076e-005
9.18695e-005
-0.000109032
0.0001257
-0.000141984
0.000157582
-0.00017265
0.000186914
-0.000200548
0.000213293
-0.000225372
0.000236386
-0.000246589
0.000255674
-0.000263907
0.000270966
-0.000277146
0.000282054
-0.000286009
0.00028865
-0.000290316
0.000290645
-0.000289976
0.000288015
-0.000285091
0.0002809
-0.000275783
0.000269402
-0.000262084
0.0002536
-0.00024426
0.000233832
-0.000222609
0.000210385
-0.00019744
0.000183598
-0.000169097
0.000153873
-0.000138138
0.000121786
-0.000104997
8.77501e-005
-7.01836e-005
5.23244e-005
-3.42737e-005
1.60847e-005
2.18457e-006
-2.04183e-005
3.86002e-005
-5.65872e-005
7.44076e-005
-9.18695e-005
0.000109032
-0.0001257
0.000141984
-0.000157582
0.00017265
-0.000186914
0.000200548
-0.000213293
0.000225372
-0.000236386
0.000246589
-0.000255674
0.000263907
-0.000270966
0.000277146
-0.000282054
0.000286009
-0.00028865
0.000290316
-0.000290645
0.000289976
-0.000288015
0.000285091
-0.0002809
0.000275783
-0.000269402
0.000262084
-0.0002536
0.00024426
-0.000233832
0.000222609
-0.000210385
0.00019744
-0.000183598
0.000169097
-0.000153873
0.000138138
-0.000121786
0.000104997
-8.77501e-005
7.01836e-005
-5.23244e-005
3.42737e-005
-1.60847e-005
-2.18457e-006
2.04183e-005
-3.86002e-005
5.65872e-005
-7.44076e-005
9.18695e-005
-0.000109032
0.0001257
-0.000141984
0.000157582
-0.00017265
0.000186914
-0.000200548
0.000213293
-0.000225372
0.000236386
-0.000246589
0.000255674
-0.000263907
0.000270966
-0.000277146
0.000282054
-0.000286009
0.00028865
-0.000290316
0.000290645
-0.000289976
0.000288015
-0.000285091
0.0002809
-0.000275783
0.000269402
-0.000262084
0.0002536
-0.00024426
0.000233832
-0.000222609
0.000210385
-0.00019744
0.000183598
-0.000169097
0.000153873
-0.000138138
0.000121786
-0.000104997
8.77501e-005
-7.01836e-005
5.23244e-005
-3.42737e-005
1.60847e-005
2.18457e-006
-2.04183e-005
3.86002e-005
-5.65872e-005
7.44076e-005
-9.18695e-005
0.000109032
-0.0001257
0.000141984
-0.000157582
0.00017265
-0.000186914
0.000200548
-0.000213293
0.000225372
-0.000236386
0.000246589
-0.000255674
0.000263907
-0.000270966
0.000277146
-0.000282054
0.000286009
-0.00028865
0.000290316
-0.000290645
0.000289976
-0.000288015
0.000285091
-0.0002809
0.000275783
-0.000269402
0.000262084
-0.0002536
0.00024426
-0.000233832
0.000222609
-0.000210385
0.00019744
-0.000183598
0.000169097
-0.000170619
8.61628e-005
-0.000389866
-0.000582666
0.000873124
0.00492436
