  0.0000000e+000
  1.9998667e-002
  3.9989334e-002
  5.9964006e-002
  7.9914694e-002
  9.9833417e-002
  1.1971221e-001
  1.3954311e-001
  1.5931821e-001
  1.7902957e-001
  1.9866933e-001
  2.1822962e-001
  2.3770263e-001
  2.5708055e-001
  2.7635565e-001
  2.9552021e-001
  3.1456656e-001
  3.3348709e-001
  3.5227423e-001
  3.7092047e-001
  3.8941834e-001
  4.0776045e-001
  4.2593947e-001
  4.4394811e-001
  4.6177918e-001
  4.7942554e-001
  4.9688014e-001
  5.1413599e-001
  5.3118620e-001
  5.4802394e-001
  5.6464247e-001
  5.8103516e-001
  5.9719544e-001
  6.1311685e-001
  6.2879302e-001
  6.4421769e-001
  6.5938467e-001
  6.7428791e-001
  6.8892145e-001
  7.0327942e-001
  7.1735609e-001
  7.3114583e-001
  7.4464312e-001
  7.5784256e-001
  7.7073888e-001
  7.8332691e-001
  7.9560162e-001
  8.0755810e-001
  8.1919157e-001
  8.3049737e-001
  8.4147098e-001
  8.5210802e-001
  8.6240423e-001
  8.7235548e-001
  8.8195781e-001
  8.9120736e-001
  9.0010044e-001
  9.0863350e-001
  9.1680311e-001
  9.2460601e-001
  9.3203909e-001
  9.3909936e-001
  9.4578400e-001
  9.5209034e-001
  9.5801586e-001
  9.6355819e-001
  9.6871510e-001
  9.7348454e-001
  9.7786460e-001
  9.8185353e-001
  9.8544973e-001
  9.8865176e-001
  9.9145835e-001
  9.9386836e-001
  9.9588084e-001
  9.9749499e-001
  9.9871014e-001
  9.9952583e-001
  9.9994172e-001
  9.9995765e-001
  9.9957360e-001
  9.9878974e-001
  9.9760638e-001
  9.9602399e-001
  9.9404320e-001
  9.9166481e-001
  9.8888977e-001
  9.8571918e-001
  9.8215432e-001
  9.7819661e-001
  9.7384763e-001
  9.6910913e-001
  9.6398300e-001
  9.5847128e-001
  9.5257619e-001
  9.4630009e-001
  9.3964547e-001
  9.3261501e-001
  9.2521152e-001
  0.0000000e+000
  0.0000000e+000
  0.0000000e+000
  0.0000000e+000
  0.0000000e+000
  8.7313298e-001
  8.6320937e-001
  8.5294048e-001
  8.4233043e-001
  8.3138346e-001
  8.2010395e-001
  8.0849640e-001
  7.9656547e-001
  7.8431593e-001
  7.7175266e-001
  7.5888071e-001
  7.4570521e-001
  7.3223144e-001
  7.1846479e-001
  7.0441077e-001
  6.9007498e-001
  6.7546318e-001
  6.6058120e-001
  6.4543500e-001
  6.3003063e-001
  6.1437426e-001
  5.9847214e-001
  5.8233065e-001
  5.6595623e-001
  5.4935544e-001
  5.3253491e-001
  5.1550137e-001
  4.9826164e-001
  4.8082261e-001
  4.6319126e-001
  4.4537464e-001
  4.2737988e-001
  4.0921417e-001
  3.9088478e-001
  3.7239904e-001
  3.5376435e-001
  3.3498815e-001
  3.1607796e-001
  2.9704135e-001
  2.7788593e-001
  2.5861935e-001
  2.3924933e-001
  2.1978361e-001
  2.0022998e-001
  1.8059627e-001
  1.6089031e-001
  1.4112001e-001
  1.2129326e-001
  1.0141799e-001
  8.1502152e-002
  6.1553717e-002
  4.1580662e-002
  2.1590976e-002
  1.5926529e-003
 -1.8406307e-002
 -3.8397905e-002
 -5.8374143e-002
 -7.8327033e-002
 -9.8248594e-002
 -1.1813086e-001
 -1.3796587e-001
 -1.5774569e-001
 -1.7746242e-001
 -1.9710817e-001
 -2.1667508e-001
 -2.3615532e-001
 -2.5554110e-001
 -2.7482467e-001
 -2.9399831e-001
 -3.1305436e-001
 -3.3198519e-001
 -3.5078323e-001
 -3.6944096e-001
 -3.8795092e-001
 -4.0630570e-001
 -4.2449797e-001
 -4.4252044e-001
 -4.6036591e-001
 -4.7802725e-001
 -4.9549737e-001
 -5.1276931e-001
 -5.2983614e-001
 -5.4669105e-001
 -5.6332728e-001
 -5.7973820e-001
 -5.9591722e-001
 -6.1185789e-001
 -6.2755382e-001
 -6.4299874e-001
 -6.5818647e-001
 -6.7311093e-001
 -6.8776616e-001
 -7.0214629e-001
 -7.1624557e-001
 -7.3005836e-001
  0.0000000e+000
  0.0000000e+000
  0.0000000e+000
  0.0000000e+000
  0.0000000e+000
 -8.0661775e-001
 -8.1827711e-001
 -8.2960917e-001
 -8.4060940e-001
 -8.5127340e-001
 -8.6159690e-001
 -8.7157577e-001
 -8.8120603e-001
 -8.9048381e-001
 -8.9940541e-001
 -9.0796726e-001
 -9.1616594e-001
 -9.2399816e-001
 -9.3146079e-001
 -9.3855086e-001
 -9.4526551e-001
 -9.5160207e-001
 -9.5755801e-001
 -9.6313093e-001
 -9.6831861e-001
 -9.7311898e-001
 -9.7753012e-001
 -9.8155025e-001
 -9.8517778e-001
 -9.8841125e-001
 -9.9124937e-001
 -9.9369100e-001
 -9.9573517e-001
 -9.9738106e-001
 -9.9862801e-001
 -9.9947552e-001
 -9.9992326e-001
 -9.9997104e-001
 -9.9961884e-001
 -9.9886681e-001
 -9.9771525e-001
 -9.9616461e-001
 -9.9421552e-001
 -9.9186876e-001
 -9.8912526e-001
 -9.8598613e-001
 -9.8245261e-001
 -9.7852613e-001
 -9.7420825e-001
 -9.6950070e-001
 -9.6440536e-001
 -9.5892427e-001
 -9.5305963e-001
 -9.4681378e-001
 -9.4018921e-001
 -9.3318858e-001
 -9.2581468e-001
 -9.1807047e-001
 -9.0995905e-001
 -9.0148366e-001
 -8.9264768e-001
 -8.8345466e-001
 -8.7390826e-001
 -8.6401232e-001
 -8.5377078e-001
 -8.4318774e-001
 -8.3226744e-001
 -8.2101425e-001
 -8.0943266e-001
 -7.9752730e-001
 -7.8530295e-001
 -7.7276449e-001
 -7.5991693e-001
 -7.4676541e-001
 -7.3331520e-001
 -7.1957167e-001
 -7.0554033e-001
 -6.9122677e-001
 -6.7663674e-001
 -6.6177605e-001
 -6.4665067e-001
 -6.3126664e-001
 -6.1563011e-001
 -5.9974733e-001
 -5.8362466e-001
 -5.6726855e-001
 -5.5068554e-001
 -5.3388227e-001
 -5.1686544e-001
 -4.9964188e-001
 -4.8221847e-001
 -4.6460218e-001
 -4.4680005e-001
 -4.2881921e-001
 -4.1066685e-001
 -3.9235022e-001
 -3.7387666e-001
 -3.5525356e-001
 -3.3648836e-001
 -3.1758857e-001
  0.0000000e+000
  0.0000000e+000
  0.0000000e+000
  0.0000000e+000
  0.0000000e+000
 -2.0179013e-001
 -1.8216250e-001
 -1.6246202e-001
 -1.4269654e-001
 -1.2287400e-001
 -1.0300230e-001
 -8.3089403e-002
 -6.3143272e-002
 -4.3171885e-002
 -2.3183230e-002
 -3.1853018e-003
  1.6813900e-002
  3.6806377e-002
  5.6784132e-002
  7.6739174e-002
  9.6663522e-002
  1.1654920e-001
  1.3638827e-001
  1.5617278e-001
  1.7589483e-001
  1.9554652e-001
  2.1511999e-001
  2.3460742e-001
  2.5400100e-001
  2.7329299e-001
  2.9247567e-001
  3.1154136e-001
  3.3048244e-001
  3.4929133e-001
  3.6796051e-001
  3.8648251e-001
  4.0484992e-001
  4.2305540e-001
  4.4109166e-001
  4.5895149e-001
  4.7662774e-001
  4.9411335e-001
  5.1140132e-001
  5.2848474e-001
  5.4535677e-001
  5.6201067e-001
  5.7843976e-001
  5.9463749e-001
  6.1059738e-001
  6.2631303e-001
  6.4177817e-001
  6.5698660e-001
  6.7193225e-001
  6.8660913e-001
  7.0101138e-001
  7.1513323e-001
  7.2896904e-001
  7.4251327e-001
  7.5576051e-001
  7.6870545e-001
  7.8134292e-001
  7.9366786e-001
  8.0567535e-001
  8.1736058e-001
  8.2871887e-001
  8.3974569e-001
  8.5043662e-001
  8.6078739e-001
  8.7079385e-001
  8.8045201e-001
  8.8975800e-001
  8.9870810e-001
  9.0729872e-001
  9.1552644e-001
  9.2338796e-001
  9.3088014e-001
  9.3799998e-001
  9.4474463e-001
  9.5111139e-001
  9.5709773e-001
  9.6270123e-001
  9.6791967e-001
  9.7275096e-001
  9.7719315e-001
  9.8124449e-001
  9.8490333e-001
  9.8816823e-001
  9.9103788e-001
  9.9351112e-001
  9.9558698e-001
  9.9726461e-001
  9.9854335e-001
  9.9942268e-001
  9.9990226e-001
  9.9998189e-001
  9.9966154e-001
  9.9894134e-001
  9.9782158e-001
  9.9630270e-001
  9.9438532e-001
  0.0000000e+000
  0.0000000e+000
  0.0000000e+000
  0.0000000e+000
  0.0000000e+000
  9.7456640e-001
  9.6988981e-001
  9.6482528e-001
  9.5937483e-001
  9.5354065e-001
  9.4732506e-001
  9.4073056e-001
  9.3375977e-001
  9.2641550e-001
  9.1870067e-001
  9.1061837e-001
  9.0217183e-001
  8.9336444e-001
  8.8419972e-001
  8.7468133e-001
  8.6481307e-001
  8.5459891e-001
  8.4404291e-001
  8.3314931e-001
  8.2192246e-001
  8.1036686e-001
  7.9848711e-001
  7.8628799e-001
  7.7377435e-001
  7.6095122e-001
  7.4782372e-001
  7.3439710e-001
  7.2067673e-001
  7.0666810e-001
  6.9237681e-001
  6.7780858e-001
  6.6296923e-001
  6.4786471e-001
  6.3250104e-001
  6.1688439e-001
  6.0102099e-001
  5.8491719e-001
  5.6857943e-001
  5.5201425e-001
  5.3522827e-001
  5.1822821e-001
  5.0102086e-001
  4.8361311e-001
  4.6601192e-001
  4.4822433e-001
  4.3025745e-001
  4.1211849e-001
  3.9381467e-001
  3.7535334e-001
  3.5674187e-001
  3.3798771e-001
  3.1909836e-001
  3.0008138e-001
  2.8094436e-001
  2.6169497e-001
  2.4234091e-001
  2.2288991e-001
  2.0334976e-001
  1.8372828e-001
  1.6403330e-001
  1.4427272e-001
  1.2445442e-001
  1.0458635e-001
  8.4676443e-002
  6.4732667e-002
  4.4762998e-002
  2.4775425e-002
  4.7779426e-003
 -1.5221451e-002
 -3.5214757e-002
 -5.5193977e-002
 -7.5151120e-002
 -9.5078204e-002
 -1.1496726e-001
 -1.3481033e-001
 -1.5459947e-001
 -1.7432678e-001
 -1.9398436e-001
 -2.1356435e-001
 -2.3305892e-001
 -2.5246026e-001
 -2.7176063e-001
 -2.9095229e-001
 -3.1002758e-001
 -3.2897886e-001
 -3.4779855e-001
 -3.6647913e-001
 -3.8501312e-001
 -4.0339311e-001
 -4.2161175e-001
 -4.3966175e-001
 -4.5753589e-001
 -4.7522703e-001
 -4.9272808e-001
 -5.1003204e-001
  0.0000000e+000
  0.0000000e+000
  0.0000000e+000
  0.0000000e+000
  0.0000000e+000
 -6.0933532e-001
 -6.2507065e-001
 -6.4055596e-001
 -6.5578506e-001
 -6.7075185e-001
 -6.8545036e-001
 -6.9987469e-001
 -7.1401908e-001
 -7.2787787e-001
 -7.4144552e-001
 -7.5471660e-001
 -7.6768581e-001
 -7.8034795e-001
 -7.9269796e-001
 -8.0473091e-001
 -8.1644197e-001
 -8.2782647e-001
 -8.3887985e-001
 -8.4959768e-001
 -8.5997569e-001
 -8.7000972e-001
 -8.7969576e-001
 -8.8902993e-001
 -8.9800850e-001
 -9.0662788e-001
 -9.1488462e-001
 -9.2277542e-001
 -9.3029712e-001
 -9.3744672e-001
 -9.4422135e-001
 -9.5061830e-001
 -9.5663502e-001
 -9.6226909e-001
 -9.6751827e-001
 -9.7238046e-001
 -9.7685371e-001
 -9.8093623e-001
 -9.8462639e-001
 -9.8792271e-001
 -9.9082387e-001
 -9.9332872e-001
 -9.9543625e-001
 -9.9714562e-001
 -9.9845615e-001
 -9.9936730e-001
 -9.9987872e-001
 -9.9999021e-001
 -9.9970171e-001
 -9.9901334e-001
 -9.9792538e-001
 -9.9643827e-001
 -9.9455259e-001
 -9.9226910e-001
 -9.8958872e-001
 -9.8651252e-001
 -9.8304173e-001
 -9.7917773e-001
 -9.7492207e-001
 -9.7027646e-001
 -9.6524275e-001
 -9.5982296e-001
 -9.5401925e-001
 -9.4783395e-001
 -9.4126952e-001
 -9.3432860e-001
 -9.2701396e-001
 -9.1932853e-001
 -9.1127537e-001
 -9.0285772e-001
 -8.9407894e-001
 -8.8494254e-001
 -8.7545217e-001
 -8.6561164e-001
 -8.5542487e-001
 -8.4489594e-001
 -8.3402907e-001
 -8.2282859e-001
 -8.1129900e-001
 -7.9944490e-001
 -7.8727102e-001
 -7.7478226e-001
 -7.6198358e-001
 -7.4888013e-001
 -7.3547713e-001
 -7.2177995e-001
 -7.0779407e-001
 -6.9352508e-001
 -6.7897870e-001
 -6.6416072e-001
 -6.4907710e-001
 -6.3373385e-001
 -6.1813711e-001
 -6.0229313e-001
 -5.8620824e-001
 -5.6988887e-001
  0.0000000e+000
  0.0000000e+000
  0.0000000e+000
  0.0000000e+000
  0.0000000e+000
 -4.6742047e-001
 -4.4964746e-001
 -4.3169461e-001
 -4.1356908e-001
 -3.9527812e-001
 -3.7682907e-001
 -3.5822928e-001
 -3.3948621e-001
 -3.2060735e-001
 -3.0160025e-001
 -2.8247251e-001
 -2.6323179e-001
 -2.4388578e-001
 -2.2444222e-001
 -2.0490888e-001
 -1.8529359e-001
 -1.6560418e-001
 -1.4584852e-001
 -1.2603454e-001
 -1.0617014e-001
 -8.6263269e-002
 -6.6321897e-002
 -4.6353998e-002
 -2.6367558e-002
 -6.3705713e-003
  1.3628964e-002
  3.3623047e-002
  5.3603682e-002
  7.3562876e-002
  9.3492646e-002
  1.1338502e-001
  1.3323204e-001
  1.5302577e-001
  1.7275829e-001
  1.9242172e-001
  2.1200817e-001
  2.3150983e-001
  2.5091888e-001
  2.7022757e-001
  2.8942817e-001
  3.0851301e-001
  3.2747444e-001
  3.4630489e-001
  3.6499682e-001
  3.8354276e-001
  4.0193528e-001
  4.2016704e-001
  4.3823073e-001
  4.5611914e-001
  4.7382511e-001
  4.9134155e-001
  5.0866146e-001
  5.2577792e-001
  5.4268407e-001
  5.5937316e-001
  5.7583850e-001
  5.9207351e-001
  6.0807171e-001
  6.2382668e-001
  6.3933213e-001
  6.5458186e-001
  6.6956976e-001
  6.8428985e-001
  6.9873622e-001
  7.1290311e-001
  7.2678485e-001
  7.4037589e-001
  7.5367079e-001
  7.6666422e-001
  7.7935100e-001
  7.9172605e-001
  8.0378443e-001
  8.1552130e-001
  8.2693197e-001
  8.3801188e-001
  8.4875659e-001
  8.5916181e-001
  8.6922339e-001
  8.7893728e-001
  8.8829961e-001
  8.9730663e-001
  9.0595474e-001
  9.1424048e-001
  9.2216054e-001
  9.2971175e-001
  9.3689108e-001
  9.4369567e-001
  9.5012279e-001
  9.5616988e-001
  9.6183451e-001
  9.6711442e-001
  9.7200750e-001
  9.7651179e-001
  9.8062549e-001
  9.8434695e-001
  0.0000000e+000
  0.0000000e+000
  0.0000000e+000
  0.0000000e+000
  0.0000000e+000
  9.9836642e-001
  9.9930939e-001
  9.9985265e-001
  9.9999599e-001
  9.9973934e-001
  9.9908280e-001
  9.9802665e-001
  9.9657130e-001
  9.9471734e-001
  9.9246550e-001
  9.8981669e-001
  9.8677196e-001
  9.8333254e-001
  9.7949980e-001
  9.7527528e-001
  9.7066065e-001
  9.6565778e-001
  9.6026865e-001
  9.5449543e-001
  9.4834042e-001
  9.4180609e-001
  9.3489506e-001
  9.2761007e-001
  9.1995405e-001
  9.1193007e-001
  9.0354132e-001
  8.9479117e-001
  8.8568312e-001
  8.7622080e-001
  8.6640801e-001
  8.5624866e-001
  8.4574683e-001
  8.3490671e-001
  8.2373264e-001
  8.1222909e-001
  8.0040065e-001
  7.8825207e-001
  7.7578819e-001
  7.6301401e-001
  7.4993464e-001
  7.3655530e-001
  7.2288135e-001
  7.0891826e-001
  6.9467160e-001
  6.8014709e-001
  6.6535053e-001
  6.5028784e-001
  6.3496504e-001
  6.1938827e-001
  6.0356374e-001
  5.8749780e-001
  5.7119687e-001
  5.5466747e-001
  5.3791620e-001
  5.2094978e-001
  5.0377499e-001
  4.8639869e-001
  4.6882784e-001
  4.5106946e-001
  4.3313066e-001
  4.1501862e-001
  3.9674057e-001
  3.7830384e-001
  3.5971578e-001
  3.4098385e-001
  3.2211552e-001
  3.0311836e-001
  2.8399995e-001
  2.6476794e-001
  2.4543003e-001
  2.2599395e-001
  2.0646748e-001
  1.8685843e-001
  1.6717463e-001
  1.4742396e-001
  1.2761433e-001
  1.0775365e-001
  8.7849875e-002
  6.7910960e-002
  4.7944880e-002
  2.7959624e-002
  7.9631838e-003
 -1.2036441e-002
 -3.2031252e-002
 -5.2013251e-002
 -7.1974445e-002
 -9.1906850e-002
 -1.1180249e-001
 -1.3165342e-001
 -1.5145168e-001
 -1.7118937e-001
 -1.9085858e-001
 -2.1045145e-001
 -2.2996015e-001
 -2.4937686e-001
  0.0000000e+000
  0.0000000e+000
  0.0000000e+000
  0.0000000e+000
  0.0000000e+000
 -3.6351358e-001
 -3.8207142e-001
 -4.0047643e-001
 -4.1872126e-001
 -4.3679860e-001
 -4.5470123e-001
 -4.7242199e-001
 -4.8995378e-001
 -5.0728960e-001
 -5.2442251e-001
 -5.4134565e-001
 -5.5805227e-001
 -5.7453567e-001
 -5.9078927e-001
 -6.0680656e-001
 -6.2258113e-001
 -6.3810668e-001
 -6.5337700e-001
 -6.6838597e-001
 -6.8312760e-001
 -6.9759599e-001
 -7.1178534e-001
 -7.2568999e-001
 -7.3930438e-001
 -7.5262305e-001
 -7.6564069e-001
 -7.7835208e-001
 -7.9075214e-001
 -8.0283591e-001
 -8.1459855e-001
 -8.2603537e-001
 -8.3714178e-001
 -8.4791335e-001
 -8.5834576e-001
 -8.6843484e-001
 -8.7817657e-001
 -8.8756703e-001
 -8.9660248e-001
 -9.0527930e-001
 -9.1359403e-001
 -9.2154332e-001
 -9.2912401e-001
 -9.3633307e-001
 -9.4316760e-001
 -9.4962488e-001
 -9.5570232e-001
 -9.6139749e-001
 -9.6670812e-001
 -9.7163208e-001
 -9.7616739e-001
 -9.8031225e-001
 -9.8406501e-001
 -9.8742414e-001
 -9.9038832e-001
 -9.9295636e-001
 -9.9512723e-001
 -9.9690007e-001
 -9.9827415e-001
 -9.9924894e-001
 -9.9982404e-001
 -9.9999923e-001
 -9.9977443e-001
 -9.9914974e-001
 -9.9812539e-001
 -9.9670181e-001
 -9.9487957e-001
 -9.9265938e-001
 -9.9004214e-001
 -9.8702890e-001
 -9.8362087e-001
 -9.7981939e-001
 -9.7562601e-001
 -9.7104238e-001
 -9.6607035e-001
 -9.6071191e-001
 -9.5496919e-001
 -9.4884450e-001
 -9.4234028e-001
 -9.3545914e-001
 -9.2820383e-001
 -9.2057725e-001
 -9.1258245e-001
 -9.0422263e-001
 -8.9550113e-001
 -8.8642145e-001
 -8.7698720e-001
 -8.6720218e-001
 -8.5707028e-001
 -8.4659557e-001
 -8.3578223e-001
 -8.2463459e-001
 -8.1315711e-001
 -8.0135438e-001
 -7.8923111e-001
 -7.7679216e-001
 -7.6404251e-001
 -7.5098725e-001
 -7.3763160e-001
 -7.2398091e-001
 -7.1004064e-001
 -6.9581636e-001
 -6.8131377e-001
 -6.6653865e-001
 -6.5149693e-001
 -6.3619463e-001
 -6.2063785e-001
 -6.0483282e-001
 -5.8878587e-001
 -5.7250342e-001
 -5.5599197e-001
 -5.3925813e-001
 -5.2230859e-001
 -5.0515014e-001
 -4.8778963e-001
 -4.7023402e-001
 -4.5249031e-001
 -4.3456562e-001
 -4.1646711e-001
 -3.9820202e-001
 -3.7977765e-001
 -3.6120137e-001
 -3.4248062e-001
 -3.2362288e-001
 -3.0463570e-001
 -2.8552666e-001
 -2.6630342e-001
 -2.4697366e-001
 -2.2754512e-001
 -2.0802556e-001
 -1.8842279e-001
 -1.6874466e-001
 -1.4899903e-001
 -1.2919380e-001
 -1.0933690e-001
 -8.9436259e-002
 -6.9499850e-002
 -4.9535641e-002
 -2.9551619e-002
 -9.5557761e-003
  1.0443889e-002
  3.0439376e-002
  5.0422688e-002
  7.0385831e-002
  9.0320821e-002
  1.1021968e-001
  1.3007446e-001
  1.4987721e-001
  1.6962001e-001
  1.8929496e-001
  2.0889420e-001
  2.2840989e-001
  2.4783421e-001
  2.6715940e-001
  2.8637773e-001
  3.0548152e-001
  3.2446311e-001
  3.4331493e-001
  3.6202942e-001
  3.8059911e-001
  3.9901656e-001
  4.1727441e-001
  4.3536536e-001
  4.5328217e-001
  4.7101767e-001
  4.8856477e-001
  5.0591645e-001
  5.2306577e-001
  5.4000587e-001
  5.5672997e-001
  5.7323139e-001
  5.8950353e-001
  6.0553987e-001
  6.2133400e-001
  6.3687961e-001
  6.5217048e-001
  6.6720049e-001
  6.8196362e-001
  6.9645398e-001
  7.1066576e-001
  7.2459329e-001
  7.3823100e-001
  7.5157342e-001
  7.6461522e-001
  7.7735118e-001
  7.8977621e-001
  8.0188535e-001
  8.1367374e-001
  8.2513667e-001
  8.3626956e-001
  8.4706795e-001
  8.5752752e-001
  8.6764410e-001
  8.7741363e-001
  8.8683221e-001
  8.9589606e-001
  9.0460157e-001
  9.1294525e-001
