  4.2020279e+002
  4.2352654e+002
  4.2352271e+002
  4.2335359e+002
  4.2452194e+002
  4.2799825e+002
  4.3079400e+002
  4.2891964e+002
  4.2724284e+002
  4.2790573e+002
  4.2650031e+002
  4.2264506e+002
  4.2280465e+002
  4.2242290e+002
  4.2132325e+002
  4.2169320e+002
  4.2027997e+002
  4.1661123e+002
  4.1591962e+002
  4.1397675e+002
  4.1282865e+002
  4.0928473e+002
  4.0877814e+002
  4.0898347e+002
  4.0583435e+002
  4.0671806e+002
  4.0456958e+002
  4.0444643e+002
  4.0317223e+002
  4.0150540e+002
  4.0032251e+002
  3.9663268e+002
  3.9470147e+002
  3.9167177e+002
  3.8985836e+002
  3.8893665e+002
  3.8720833e+002
  3.8604963e+002
  3.8342724e+002
  3.8117468e+002
  3.7843672e+002
  3.7366913e+002
  3.7404203e+002
  3.7142677e+002
  3.6922885e+002
  3.6592806e+002
  3.6437339e+002
  3.6256297e+002
  3.6452941e+002
  3.6149497e+002
  3.5778076e+002
  3.5528259e+002
  3.5295624e+002
  3.5283767e+002
  3.5102929e+002
  3.4831219e+002
  3.5232668e+002
  3.5058544e+002
  3.5355085e+002
  3.4819815e+002
  3.5193374e+002
  3.5069730e+002
  3.4956673e+002
  3.5134953e+002
  3.5591992e+002
  3.5578136e+002
  3.5928658e+002
  3.6053346e+002
  3.5953528e+002
  3.5816186e+002
  3.5846493e+002
  3.5595881e+002
  3.5540173e+002
  3.5466286e+002
  3.5486145e+002
  3.5045767e+002
  3.5316312e+002
  3.4786190e+002
  3.4754720e+002
  3.4554247e+002
  3.4583018e+002
  3.4408116e+002
  3.4066852e+002
  3.3964270e+002
  3.4417767e+002
  3.3859354e+002
  3.3581155e+002
  3.3902962e+002
  3.3825913e+002
  3.4310495e+002
  3.3858848e+002
  3.4323899e+002
  3.3947797e+002
  3.4791846e+002
  3.5011686e+002
  3.5121040e+002
  3.5322912e+002
  3.5299899e+002
  3.5184118e+002
  3.5535780e+002
  3.5330712e+002
  3.4900829e+002
  3.5210015e+002
  3.4927881e+002
  3.5113382e+002
  3.4989970e+002
  3.4404738e+002
  3.4006449e+002
  3.3940648e+002
  3.3918355e+002
  3.3709338e+002
  3.3373504e+002
  3.3427277e+002
  3.3199862e+002
  3.3163649e+002
  3.3174638e+002
  3.2943912e+002
  3.2887960e+002
  3.3007419e+002
  3.2482084e+002
  3.2306225e+002
  3.1981932e+002
  3.2437019e+002
  3.2423055e+002
  3.2620553e+002
  3.2760350e+002
  3.2923725e+002
  3.2945423e+002
  3.2767771e+002
  3.2734986e+002
  3.2179613e+002
  3.2161993e+002
  3.1981784e+002
  3.1803259e+002
  3.1927986e+002
  3.1968158e+002
  3.1759235e+002
  3.1369540e+002
  3.1129295e+002
  3.1103783e+002
  3.0666502e+002
  3.0560786e+002
  3.0541571e+002
  3.0056547e+002
  3.0053011e+002
  2.9620655e+002
  2.9833287e+002
  2.9806091e+002
  2.9657078e+002
  2.9543873e+002
  2.9599221e+002
  2.8939793e+002
  2.9147865e+002
  2.8826141e+002
  2.8964445e+002
  2.8751222e+002
  2.8827871e+002
  2.8440459e+002
  2.8503460e+002
  2.8460130e+002
  2.8111629e+002
  2.8077952e+002
  2.8032175e+002
  2.7890047e+002
  2.7810149e+002
  2.7998792e+002
  2.7969277e+002
  2.7974462e+002
  2.7494018e+002
  2.7567662e+002
  2.7386850e+002
  2.7336234e+002
  2.6794342e+002
  2.6729395e+002
  2.6840843e+002
  2.7001551e+002
  2.6752990e+002
  2.6725777e+002
  2.6557622e+002
  2.6533795e+002
  2.6541249e+002
  2.6285507e+002
  2.6055647e+002
  2.6246062e+002
  2.6155045e+002
  2.5568739e+002
  2.5881259e+002
  2.5991706e+002
  2.6472254e+002
  2.6069330e+002
  2.5959992e+002
  2.5781821e+002
  2.5868270e+002
  2.5585123e+002
  2.5438903e+002
  2.5419093e+002
  2.5221869e+002
  2.5479481e+002
  2.5236320e+002
  2.5317408e+002
  2.5118372e+002
  2.5374212e+002
  2.4543677e+002
  2.4924812e+002
  2.4546486e+002
  2.4497401e+002
  2.4469024e+002
  2.4482297e+002
  2.4328645e+002
  2.4449029e+002
  2.4137923e+002
  2.4341380e+002
  2.4469295e+002
  2.4062963e+002
  2.3988874e+002
  2.3648250e+002
  2.3865906e+002
  2.3955761e+002
  2.4044663e+002
  2.3796779e+002
  2.3926397e+002
  2.3756262e+002
  2.3543680e+002
  2.3849410e+002
  2.3311677e+002
  2.3172730e+002
  2.3483391e+002
  2.2874430e+002
  2.3067400e+002
  2.2965082e+002
  2.2966047e+002
  2.3135156e+002
  2.3113973e+002
  2.2952797e+002
  2.2821092e+002
  2.2803884e+002
  2.2550299e+002
  2.2795284e+002
  2.2831251e+002
  2.3037460e+002
  2.2707578e+002
  2.2401235e+002
  2.2688707e+002
  2.2555505e+002
  2.2361330e+002
  2.2915378e+002
  2.2938228e+002
  2.2992587e+002
  2.2781171e+002
  2.2602212e+002
  2.2539284e+002
  2.2369068e+002
  2.2041109e+002
  2.1969024e+002
  2.2114097e+002
  2.1814000e+002
  2.2361495e+002
  2.2342492e+002
  2.2353816e+002
  2.1848662e+002
  2.2180478e+002
  2.1999540e+002
  2.2301178e+002
  2.2227213e+002
  2.2425132e+002
  2.2348310e+002
  2.2479265e+002
  2.2531765e+002
  2.2791785e+002
  2.2824438e+002
  2.3161001e+002
  2.2728004e+002
  2.2819534e+002
  2.2622193e+002
  2.2511737e+002
  2.2584569e+002
  2.2514240e+002
  2.2644316e+002
  2.2686551e+002
  2.2565001e+002
  2.2699778e+002
  2.2738774e+002
  2.2804876e+002
  2.2632725e+002
  2.2596133e+002
  2.2590224e+002
  2.2765700e+002
  2.2794374e+002
  2.2735439e+002
  2.2799985e+002
  2.2817346e+002
  2.2650099e+002
  2.2812713e+002
  2.2768537e+002
  2.3024546e+002
  2.2649539e+002
  2.2929094e+002
  2.2895127e+002
  2.2986672e+002
  2.2784844e+002
  2.2875590e+002
  2.3366899e+002
  2.3248065e+002
  2.2944844e+002
  2.3944009e+002
  2.3794461e+002
  2.3751307e+002
  2.3562851e+002
  2.3960619e+002
  2.3797317e+002
  2.3974245e+002
  2.4116709e+002
  2.4231297e+002
  2.4399358e+002
  2.4394571e+002
  2.4219110e+002
  2.4845239e+002
  2.4788057e+002
  2.4614389e+002
  2.4775122e+002
  2.4469770e+002
  2.4877421e+002
  2.4662783e+002
  2.4770409e+002
  2.4615322e+002
  2.4971098e+002
  2.5199176e+002
  2.5371655e+002
  2.5326183e+002
  2.5246740e+002
  2.4958324e+002
  2.5589863e+002
  2.5331260e+002
  2.5454796e+002
  2.5341518e+002
  2.5214062e+002
  2.5318462e+002
  2.5278509e+002
  2.5360746e+002
  2.5408903e+002
  2.5354063e+002
  2.5341876e+002
  2.5261963e+002
  2.5425757e+002
  2.5405312e+002
  2.5509698e+002
  2.5572846e+002
  2.5751149e+002
  2.5586749e+002
  2.5591362e+002
  2.5274257e+002
  2.5562297e+002
  2.5242211e+002
  2.5638756e+002
  2.5680113e+002
  2.6081640e+002
  2.5770476e+002
  2.5655393e+002
  2.5678161e+002
  2.5713365e+002
  2.5934008e+002
  2.6594596e+002
  2.6777338e+002
  2.6955633e+002
  2.6837084e+002
  2.6900852e+002
  2.6986288e+002
  2.7027530e+002
  2.7266174e+002
  2.7409957e+002
  2.7217693e+002
  2.7524329e+002
  2.7820472e+002
  2.8093654e+002
  2.8301911e+002
  2.8242546e+002
  2.8370748e+002
  2.8795271e+002
  2.8662268e+002
  2.9003529e+002
  2.8887189e+002
  2.8992613e+002
  2.9169114e+002
  2.9519668e+002
  2.9653242e+002
  2.9948363e+002
  2.9822475e+002
  3.0278959e+002
  3.0734905e+002
  3.0857596e+002
  3.0932887e+002
  3.1168701e+002
  3.1191803e+002
  3.1527044e+002
  3.1530216e+002
  3.1710194e+002
  3.1861527e+002
  3.2056801e+002
  3.2234897e+002
  3.2700676e+002
  3.2344941e+002
  3.2943638e+002
  3.2705169e+002
  3.2888380e+002
  3.2944152e+002
  3.3175828e+002
  3.3424829e+002
  3.3369641e+002
  3.3622947e+002
  3.4108113e+002
  3.4327911e+002
  3.4722083e+002
  3.4566271e+002
  3.4863117e+002
  3.5413975e+002
  3.5085720e+002
  3.5384317e+002
  3.5637537e+002
  3.5990801e+002
  3.6107624e+002
  3.6412724e+002
  3.6792817e+002
  3.6569420e+002
  3.6635642e+002
  3.7297422e+002
  3.7714726e+002
  3.7838948e+002
  3.7786784e+002
  3.8105247e+002
  3.8331190e+002
  3.8046058e+002
  3.8392503e+002
  3.8785207e+002
  3.9005012e+002
  3.9412468e+002
  3.9376652e+002
  3.9697762e+002
  3.9816431e+002
  4.0012285e+002
  4.0312881e+002
  4.0678155e+002
  4.0794983e+002
  4.0929801e+002
  4.1349581e+002
  4.1529881e+002
  4.1553994e+002
  4.1783164e+002
  4.2055035e+002
  4.2665430e+002
  4.2599083e+002
  4.3092515e+002
  4.3053632e+002
  4.2597743e+002
  4.2279445e+002
  4.2752896e+002
  4.2695511e+002
  4.2583846e+002
  4.2640136e+002
  4.2826882e+002
  4.2944955e+002
  4.3403290e+002
  4.3502652e+002
  4.3805219e+002
  4.4046080e+002
  4.4277430e+002
  4.4402086e+002
  4.4648010e+002
  4.4617965e+002
  4.4915456e+002
  4.5229701e+002
  4.5303964e+002
  4.5155867e+002
  4.5483407e+002
  4.5048430e+002
  4.5949075e+002
  4.6110815e+002
  4.5802814e+002
  4.5794370e+002
  4.6075390e+002
  4.6166740e+002
  4.6390733e+002
  4.6533007e+002
  4.6660309e+002
  4.6898842e+002
  4.7104447e+002
  4.6633845e+002
  4.6881504e+002
  4.7412253e+002
  4.7515374e+002
  4.7677859e+002
  4.7759062e+002
  4.7773610e+002
  4.8149385e+002
  4.8018216e+002
  4.8571691e+002
  4.8408269e+002
  4.8308319e+002
  4.8509383e+002
  4.8564124e+002
  4.8577602e+002
  4.8879622e+002
  4.8869445e+002
  4.8705519e+002
  4.9054710e+002
  4.8886389e+002
  4.9115904e+002
  4.9195176e+002
  4.8645315e+002
  4.8870573e+002
  4.8876320e+002
  4.9270047e+002
  4.9314235e+002
  4.9635913e+002
  4.9450928e+002
  4.9626257e+002
  4.9662103e+002
  4.9506185e+002
  4.9751903e+002
  4.9494940e+002
  4.9476226e+002
  4.9442995e+002
  4.9681421e+002
  4.9876823e+002
  4.9743552e+002
  4.9911127e+002
  5.0310107e+002
  5.0248572e+002
  5.0332104e+002
  4.9888156e+002
  5.0201002e+002
  5.0592216e+002
  5.0637482e+002
  5.0837568e+002
  5.0749061e+002
  5.1307657e+002
  5.1135299e+002
  5.0864853e+002
  5.0747071e+002
  5.0177890e+002
  5.0656757e+002
  5.0991000e+002
  5.1286621e+002
  5.1330821e+002
  5.1234345e+002
  5.1449333e+002
  5.1683327e+002
  5.1663235e+002
  5.1412511e+002
  5.1449853e+002
  5.1666903e+002
  5.1731395e+002
  5.1854914e+002
  5.1902497e+002
  5.1652785e+002
  5.1824546e+002
  5.1926887e+002
  5.2093407e+002
  5.2403890e+002
  5.2160236e+002
  5.1940234e+002
  5.2075054e+002
  5.1821141e+002
  5.1287440e+002
  5.1075088e+002
  5.1605883e+002
  5.1793513e+002
  5.1932519e+002
  5.2119024e+002
  5.2384443e+002
  5.2333803e+002
  5.2476110e+002
  5.2681377e+002
  5.2355371e+002
  5.2213274e+002
  5.2207176e+002
  5.2122201e+002
  5.2048002e+002
  5.2001890e+002
  5.2209095e+002
  5.1958981e+002
  5.2518011e+002
  5.2316054e+002
  5.2205047e+002
  5.2461443e+002
  5.2439740e+002
  5.2619039e+002
  5.2590298e+002
  5.2627236e+002
  5.2624018e+002
  5.2641471e+002
  5.2496593e+002
  5.2483901e+002
  5.2505886e+002
  5.2782486e+002
  5.2766121e+002
  5.2736608e+002
  5.2733495e+002
  5.2788168e+002
  5.2669006e+002
  5.2837374e+002
  5.2733362e+002
  5.2738330e+002
  5.2629763e+002
  5.2462075e+002
  5.2296608e+002
  5.2305709e+002
  5.2535886e+002
  5.2651107e+002
  5.2658571e+002
  5.2692809e+002
  5.2793157e+002
  5.2603474e+002
  5.2660570e+002
  5.2629087e+002
  5.2890278e+002
  5.2865659e+002
  5.2818107e+002
  5.2754980e+002
  5.3010589e+002
  5.2887195e+002
  5.3008484e+002
  5.2958502e+002
  5.2871947e+002
  5.3049848e+002
  5.2791454e+002
  5.2860432e+002
  5.2654666e+002
  5.2897165e+002
  5.2720761e+002
  5.2871683e+002
  5.3144262e+002
  5.3153653e+002
  5.2835687e+002
  5.2756758e+002
  5.2862820e+002
  5.2770851e+002
  5.2742253e+002
  5.2665567e+002
  5.2928318e+002
  5.3118013e+002
  5.3273052e+002
  5.3379251e+002
  5.3377580e+002
  5.3728962e+002
  5.4274213e+002
  5.4401475e+002
  5.4704603e+002
  5.4606836e+002
  5.4580582e+002
  5.4564568e+002
  5.4523371e+002
  5.4475165e+002
  5.4627502e+002
  5.4586687e+002
  5.4236210e+002
  5.4352623e+002
  5.4260028e+002
  5.4233974e+002
  5.4433172e+002
  5.4492846e+002
  5.3973210e+002
  5.4212725e+002
  5.3801924e+002
  5.4008470e+002
  5.4234011e+002
  5.4279953e+002
  5.4137988e+002
  5.4208525e+002
  5.4242603e+002
  5.4341080e+002
  5.4253350e+002
  5.4168962e+002
  5.4477338e+002
  5.4608657e+002
  5.4506856e+002
  5.4365720e+002
  5.4714404e+002
  5.4579218e+002
  5.4742100e+002
  5.4385031e+002
  5.4010223e+002
  5.3323154e+002
  5.3854860e+002
  5.3550638e+002
  5.3841406e+002
  5.3709137e+002
  5.3838880e+002
  5.3597808e+002
  5.3713853e+002
  5.3470976e+002
  5.3587175e+002
  5.3579433e+002
  5.3800133e+002
  5.3872344e+002
  5.3737424e+002
  5.3741759e+002
  5.3627784e+002
  5.3728151e+002
  5.3989608e+002
  5.3957674e+002
  5.3906211e+002
  5.3661685e+002
  5.4183815e+002
  5.4060961e+002
  5.3785539e+002
  5.3564628e+002
  5.3598301e+002
  5.3293543e+002
  5.3662931e+002
  5.3654741e+002
  5.3779351e+002
  5.3450166e+002
  5.3458628e+002
  5.3593851e+002
  5.3343050e+002
  5.3162205e+002
  5.3132822e+002
  5.3052197e+002
  5.2934144e+002
  5.2629219e+002
  5.2348096e+002
  5.1941082e+002
  5.0936150e+002
  5.0841688e+002
  5.0321430e+002
  5.0158892e+002
  5.0205016e+002
  4.9970684e+002
  5.0082086e+002
  4.9878256e+002
  4.9777999e+002
  4.9542479e+002
  4.9798246e+002
  4.9341614e+002
  4.9588287e+002
  4.9682239e+002
  4.9420149e+002
  4.9275277e+002
  4.8830817e+002
  4.9122124e+002
  4.9258652e+002
  4.8979014e+002
  4.8816465e+002
  4.8710160e+002
  4.8647653e+002
  4.7926372e+002
  4.7759156e+002
  4.7921356e+002
  4.8325195e+002
  4.8185097e+002
  4.8043237e+002
  4.8247527e+002
  4.8684551e+002
  4.9133164e+002
  4.9962952e+002
  5.0188353e+002
  5.0345709e+002
  5.0395514e+002
  5.0718681e+002
  5.1075148e+002
  5.0878669e+002
  5.0398217e+002
  5.0436289e+002
  5.0394096e+002
  5.0376948e+002
  5.0166859e+002
  4.9805598e+002
  4.9689579e+002
  4.9427611e+002
  4.9251308e+002
  4.9172713e+002
  4.9533841e+002
  4.8902123e+002
  4.8833125e+002
  4.8894584e+002
  4.8759104e+002
  4.8899918e+002
  4.8502208e+002
  4.8222809e+002
  4.8305665e+002
  4.8008326e+002
  4.8308492e+002
  4.8411562e+002
  4.8468857e+002
  4.8641698e+002
  4.8766801e+002
  4.9157624e+002
  4.9214352e+002
  4.9277425e+002
  4.9368098e+002
  4.9728631e+002
  4.9358024e+002
  4.9607079e+002
  4.9886829e+002
  5.0016596e+002
  4.9812617e+002
  4.9725034e+002
  4.9965127e+002
  4.9856018e+002
  4.9817538e+002
  5.0202228e+002
  4.9515410e+002
  4.9857663e+002
  4.9903700e+002
  4.9376391e+002
  4.9812264e+002
  4.9969133e+002
  5.0198242e+002
  4.9674962e+002
  4.9552042e+002
  4.9660254e+002
  4.9527156e+002
  4.9567318e+002
  4.9894897e+002
  4.9709858e+002
  5.0018810e+002
  5.0230486e+002
  5.0110814e+002
  5.0220610e+002
  5.0522667e+002
  4.8930085e+002
  4.8748380e+002
  4.8694721e+002
  5.0527189e+002
  5.1029959e+002
  5.0693205e+002
  5.0795133e+002
  5.0700044e+002
  5.0581838e+002
  5.0871351e+002
  5.0722417e+002
  5.0776118e+002
  5.0513277e+002
  5.0456034e+002
  5.0454275e+002
  5.0096634e+002
  4.9967294e+002
  5.0345427e+002
  5.0193552e+002
  4.9929070e+002
  5.0063283e+002
  5.0346416e+002
  5.0222357e+002
  4.9935880e+002
  5.0165795e+002
  5.0330921e+002
  5.0444209e+002
  5.0471681e+002
  5.0505673e+002
  5.0174938e+002
  5.0329213e+002
  4.9778336e+002
  4.9683718e+002
  5.0010249e+002
  5.0115310e+002
  5.0006137e+002
  4.9835814e+002
  4.9647219e+002
  4.9863831e+002
  4.9701214e+002
  4.9782098e+002
  4.9693363e+002
  4.9454950e+002
  4.9969802e+002
  5.0436588e+002
  5.0030220e+002
  4.9494409e+002
  4.9284515e+002
  4.8997841e+002
  4.8925112e+002
  4.9125284e+002
  4.9039561e+002
  4.9485115e+002
  4.9170309e+002
  4.9159931e+002
  4.9348327e+002
  4.8935097e+002
  4.4837121e+002
  4.4629017e+002
  4.4902256e+002
  4.5174467e+002
  4.4533931e+002
  4.4822063e+002
  4.4673658e+002
  4.4374413e+002
  4.4252512e+002
  4.4662338e+002
  4.4382031e+002
  4.4409914e+002
  4.3979475e+002
  4.3976592e+002
  4.4283213e+002
  4.4001924e+002
  4.3869526e+002
  4.3858140e+002
  4.3904738e+002
  4.3831255e+002
  4.3446369e+002
  4.3977146e+002
  4.4078201e+002
  4.3809671e+002
  4.3659261e+002
  4.3701583e+002
  4.3538145e+002
  4.3403324e+002
  4.3295353e+002
  4.3324200e+002
  4.3503003e+002
  4.3543058e+002
  4.3324809e+002
  4.3313820e+002
  4.3303943e+002
  4.3301161e+002
  4.3416918e+002
  4.3024727e+002
  4.3299895e+002
  4.3407096e+002
  4.3081514e+002
  4.2888514e+002
  4.2949538e+002
  4.3231355e+002
  4.3168537e+002
  4.3098795e+002
  4.2711148e+002
  4.2910498e+002
  4.2687870e+002
  4.2533842e+002
  4.2728651e+002
  4.2940831e+002
  4.2823284e+002
  4.2240981e+002
  4.2443677e+002
  4.2378463e+002
  4.2544996e+002
  4.2073793e+002
  4.2434346e+002
  4.2661773e+002
  4.2457250e+002
  4.2386740e+002
  4.2581583e+002
  4.2678389e+002
  4.2622082e+002
  4.2612878e+002
  4.3110227e+002
  4.3418412e+002
  4.3479353e+002
  4.3261413e+002
  4.2465477e+002
  4.1717784e+002
  4.2048391e+002
  4.1910117e+002
  4.1658421e+002
  4.1478083e+002
  4.1839420e+002
  4.1542824e+002
  4.1298008e+002
  4.1394474e+002
  4.1367101e+002
  4.1392951e+002
  4.1296043e+002
  4.1115925e+002
  4.1269778e+002
  4.0750703e+002
  4.0871429e+002
  4.0608898e+002
  4.1061836e+002
  4.0505992e+002
  4.0508387e+002
  4.0704961e+002
  4.0542126e+002
  4.0677665e+002
  4.0434571e+002
  4.0442158e+002
  4.0302907e+002
  4.0316335e+002
  4.0676473e+002
  4.0475590e+002
  4.0940835e+002
  4.1304908e+002
  4.1589736e+002
  4.2089021e+002
  4.2857938e+002
  4.3079007e+002
  4.3571198e+002
  4.3963927e+002
  4.4193089e+002
  4.4505271e+002
  4.4673750e+002
  4.4252533e+002
  4.3702023e+002
  4.3062317e+002
  4.2066355e+002
  4.0958866e+002
  4.0149311e+002
  3.9492646e+002
  3.9132592e+002
  3.9254074e+002
  3.9959292e+002
  4.0565941e+002
  3.8956137e+002
  3.9279322e+002
  3.9696357e+002
  3.9524735e+002
  3.9412235e+002
  3.9372844e+002
  3.9568036e+002
  3.9587020e+002
  3.9506870e+002
  3.9566348e+002
  3.9718893e+002
  3.9742916e+002
  3.9604996e+002
  3.9338278e+002
  3.9744090e+002
  3.9851440e+002
  3.9308955e+002
  3.9419448e+002
  3.9219434e+002
  3.9219402e+002
  3.9265308e+002
  3.8960277e+002
  3.8865718e+002
  3.8762511e+002
  3.8563602e+002
  3.8255550e+002
  3.8939441e+002
  3.8214001e+002
  3.8077107e+002
  3.8100697e+002
  3.8073183e+002
  3.8105247e+002
  3.8082820e+002
  3.7925660e+002
  3.7605713e+002
  3.8069419e+002
  3.8128529e+002
  3.8217030e+002
  3.8222929e+002
  3.8111270e+002
  3.8279522e+002
  3.8292473e+002
  3.8213479e+002
  3.8288115e+002
  3.7612641e+002
  3.7771173e+002
  3.7884979e+002
  3.8003397e+002
  3.7852200e+002
  3.7733318e+002
  3.7789503e+002
  3.7820224e+002
  3.7439669e+002
  3.7414249e+002
  3.7784908e+002
  3.7751104e+002
  3.7510496e+002
  3.7245682e+002
  3.7151656e+002
  3.6550192e+002
  3.6837778e+002
  3.6942195e+002
  3.7024496e+002
  3.7074988e+002
  3.7420696e+002
  3.6973723e+002
  3.6863786e+002
  3.6948408e+002
  3.7078697e+002
  3.7202707e+002
  3.6636507e+002
  3.6896492e+002
  3.6806383e+002
  3.6895952e+002
  3.6697387e+002
  3.7105231e+002
  3.7041587e+002
  3.7102315e+002
  3.7077673e+002
  3.7181853e+002
  3.6933610e+002
  3.6873111e+002
  3.7115511e+002
  3.6863083e+002
  3.6605920e+002
  3.6670486e+002
  3.6353130e+002
  3.6532764e+002
  3.6605161e+002
  3.6560865e+002
  3.6175058e+002
  3.6502357e+002
  3.6568483e+002
  3.6463138e+002
  3.6889295e+002
  3.6997926e+002
  3.7018971e+002
  3.8121753e+002
  3.7983149e+002
  3.6700503e+002
  3.6779890e+002
  3.6736697e+002
  3.6873245e+002
  3.6691758e+002
  3.6716714e+002
  3.6844167e+002
  3.6683454e+002
  3.6560392e+002
  3.6664344e+002
  3.6805114e+002
  3.6792475e+002
  3.6929050e+002
  3.6699154e+002
  3.7276440e+002
  3.7046568e+002
  3.7535176e+002
  3.7327685e+002
  3.7709886e+002
  3.7837229e+002
  3.7847650e+002
  3.7814870e+002
  3.7680171e+002
  3.7667974e+002
  3.7963602e+002
  3.7934510e+002
  3.7918323e+002
  3.7820655e+002
  3.8196400e+002
  3.7770655e+002
  3.7877559e+002
  3.8500752e+002
  3.8401413e+002
  3.8008377e+002
  3.8103948e+002
  3.8388778e+002
  3.8582045e+002
  3.8029506e+002
  3.8341416e+002
  3.8687496e+002
  3.8448244e+002
  3.8591491e+002
  3.8366577e+002
  3.8193903e+002
  3.8341365e+002
  3.8128266e+002
  3.8200371e+002
  3.7947399e+002
  3.7696815e+002
  3.7851817e+002
  3.7894267e+002
  3.7862210e+002
  3.7822400e+002
  3.7875081e+002
  3.7529435e+002
  3.7326670e+002
  3.7543663e+002
  3.7152699e+002
  3.7080888e+002
  3.7061082e+002
  3.7088659e+002
  3.6750617e+002
  3.6694706e+002
  3.6249417e+002
  3.6488992e+002
  3.6804330e+002
  3.6731336e+002
  3.6544746e+002
  3.6803331e+002
  3.6973762e+002
  3.6815477e+002
  3.6974617e+002
  3.6971440e+002
  3.6882177e+002
  3.6686670e+002
  3.6479444e+002
  3.6226088e+002
  3.6405121e+002
  3.6335499e+002
  3.6030309e+002
  3.6313347e+002
  3.6023342e+002
  3.6130048e+002
  3.5662628e+002
  3.5358608e+002
  3.5257980e+002
  3.5125402e+002
  3.5309937e+002
  3.5278091e+002
  3.5124579e+002
  3.5140626e+002
  3.5046306e+002
  3.5010864e+002
  3.4908041e+002
  3.8753346e+002
  3.9262504e+002
  3.4656336e+002
  3.4935725e+002
  3.4895372e+002
  3.4687005e+002
  3.4648154e+002
  3.4849192e+002
  3.4540962e+002
  3.4774906e+002
  3.4746232e+002
  3.4644973e+002
  3.4942499e+002
  3.5422756e+002
  3.5148773e+002
  3.4078612e+002
  3.4049441e+002
  3.4311082e+002
  3.4358392e+002
  3.4286996e+002
  3.3883219e+002
  3.3968072e+002
  3.7906489e+002
  3.7747355e+002
  3.3695847e+002
  3.3585854e+002
  3.3107660e+002
  3.3252454e+002
  3.3282724e+002
  3.2970765e+002
  3.2924784e+002
  3.2655184e+002
  3.3006577e+002
  3.2900240e+002
  3.2894640e+002
  3.2587960e+002
  3.3241973e+002
  3.2680761e+002
  3.2550998e+002
  3.2766230e+002
  3.2399342e+002
  3.2347092e+002
  3.2366779e+002
  3.2212398e+002
  3.2302069e+002
  3.2225532e+002
  3.1769263e+002
  3.2275832e+002
  3.2470726e+002
  3.1914652e+002
  3.1861874e+002
  3.2302485e+002
  3.1969513e+002
  3.1900231e+002
  3.1886839e+002
  3.1323487e+002
  3.1642064e+002
  3.1409606e+002
  3.1361733e+002
  3.5024035e+002
  3.4806465e+002
  3.4499654e+002
  3.4972088e+002
  3.4626287e+002
  3.4624149e+002
  3.4684323e+002
  3.4497205e+002
  3.4473529e+002
  3.4541755e+002
  3.4308393e+002
  3.4185349e+002
  3.3943290e+002
  3.3787255e+002
  3.3975626e+002
  3.4290168e+002
  3.4812470e+002
  3.4617011e+002
  3.4768091e+002
  3.4558993e+002
  3.4504486e+002
  3.4349847e+002
  3.4528058e+002
  3.3858913e+002
  3.3537534e+002
  3.3264640e+002
  3.3715883e+002
  3.3334358e+002
  3.3624524e+002
  3.3348045e+002
  3.3258273e+002
  3.3206910e+002
  3.3298055e+002
  3.3214462e+002
  3.3039724e+002
  3.2738419e+002
  3.2768288e+002
  3.2487967e+002
  3.2468520e+002
  3.2668085e+002
  3.1883569e+002
  3.1632775e+002
  3.1757493e+002
  3.2026307e+002
  3.1912784e+002
  3.1952979e+002
  3.1395060e+002
  3.1884116e+002
  3.1718776e+002
  3.1861241e+002
  3.1843118e+002
  3.1700557e+002
  3.1210301e+002
  3.1734611e+002
  3.1886772e+002
  3.1327794e+002
  3.1378484e+002
  3.1526162e+002
  3.1661901e+002
  3.1702135e+002
  3.1852132e+002
  3.1953383e+002
  3.1954647e+002
  3.2048936e+002
  3.1936443e+002
  3.4030519e+002
  3.3872842e+002
  3.3903825e+002
  3.3870647e+002
  3.4043249e+002
  3.4196929e+002
  3.4420766e+002
  3.3520127e+002
  3.4195215e+002
  3.4576089e+002
  3.4783201e+002
  3.4462979e+002
  3.4703775e+002
  3.4815379e+002
  3.4695255e+002
  3.5054115e+002
  3.4977705e+002
  3.5227980e+002
  3.5481297e+002
  3.5443155e+002
  3.5184385e+002
  3.5193176e+002
  3.5308801e+002
  3.5135415e+002
  3.5151899e+002
  3.5173522e+002
  3.5091392e+002
  3.5052767e+002
  3.4757936e+002
  3.4731813e+002
  3.4820505e+002
  3.4972894e+002
  3.5185884e+002
  3.5002150e+002
  3.5283258e+002
  3.5768959e+002
  3.6263269e+002
  3.7515505e+002
  3.8495123e+002
  3.9360213e+002
  3.9375700e+002
  3.9629807e+002
  3.9797569e+002
  3.9942199e+002
  4.0149765e+002
  4.0341656e+002
  4.0157104e+002
  3.9704083e+002
  4.0359176e+002
  4.0564164e+002
  4.0453123e+002
  4.0423428e+002
  4.0514825e+002
  4.0276669e+002
  4.0205129e+002
  4.0570588e+002
  4.0387429e+002
  4.0331757e+002
  4.0390599e+002
  4.0218999e+002
  4.0036586e+002
  3.9944275e+002
  4.0022278e+002
  4.0306097e+002
  4.0125030e+002
  4.0037943e+002
  3.9991067e+002
  4.0815902e+002
  4.1128666e+002
  4.1464022e+002
  4.1607296e+002
  4.1390151e+002
  4.1776216e+002
  4.1671147e+002
  4.1889899e+002
  4.1825288e+002
  4.1858830e+002
  4.2011382e+002
  4.1984227e+002
  4.1911864e+002
  4.2014625e+002
  4.1749772e+002
  4.1340470e+002
  4.1568882e+002
  4.1433619e+002
  4.1224907e+002
  4.1170336e+002
  4.1149867e+002
  4.0632640e+002
  4.1075254e+002
  4.0697846e+002
  4.0870596e+002
  4.0748970e+002
  4.0529867e+002
  4.1108652e+002
  4.0964854e+002
  4.1491894e+002
  4.2345639e+002
  4.3154924e+002
  4.3136597e+002
  4.3007742e+002
  4.2939535e+002
  4.2994390e+002
  4.3060836e+002
  4.3063395e+002
  4.3156660e+002
  4.3135497e+002
  4.3208507e+002
  4.3015519e+002
  4.2847943e+002
  4.2717176e+002
  4.2519258e+002
  4.2554178e+002
  4.2438490e+002
  4.2342297e+002
  4.2206315e+002
  4.2056704e+002
  4.2012490e+002
  4.1940722e+002
  4.1848996e+002
  4.1665232e+002
  4.1503866e+002
  4.1634613e+002
  4.1406615e+002
  4.1302298e+002
  4.1470492e+002
  4.1324335e+002
  4.1203305e+002
  4.1359499e+002
  4.1665231e+002
  4.1536178e+002
  4.1326823e+002
  4.0964219e+002
  4.1211523e+002
  4.1378960e+002
  4.1614069e+002
  4.1276326e+002
  4.0975763e+002
  4.0742636e+002
  4.0675419e+002
  4.0741444e+002
  4.0301654e+002
  4.0128446e+002
  3.9914503e+002
  3.9981464e+002
  3.9954090e+002
  3.9619994e+002
  3.9578842e+002
  3.9499715e+002
  3.9307320e+002
  3.9324387e+002
  3.8431294e+002
  3.8056165e+002
  3.8255213e+002
  3.7749423e+002
  3.7445110e+002
  3.7302751e+002
  3.7150162e+002
  3.7741648e+002
  3.7518622e+002
  3.7662903e+002
  3.7973141e+002
  3.7588979e+002
  3.6958615e+002
  3.7124033e+002
  3.6885267e+002
  3.6647209e+002
  3.6576081e+002
  3.6612223e+002
  3.5740970e+002
  3.5868082e+002
  3.5599726e+002
  3.5647931e+002
  3.5189185e+002
  3.5297912e+002
  3.4968277e+002
  3.4725160e+002
  3.4493645e+002
  3.4180852e+002
  3.4299045e+002
  3.4037045e+002
  3.3745710e+002
  3.4018782e+002
  3.3904002e+002
  3.3575930e+002
  3.3374540e+002
  3.3729706e+002
  3.3921683e+002
  3.4246033e+002
  3.4555474e+002
  3.4582124e+002
  3.4792694e+002
  3.4667795e+002
  3.4634557e+002
  3.4827415e+002
  3.4602578e+002
  3.4315243e+002
  3.4260919e+002
  3.4244935e+002
  3.4443749e+002
  3.4037789e+002
  3.3896552e+002
  3.3435689e+002
  3.3343201e+002
  3.3391362e+002
  3.3172012e+002
  3.3133430e+002
  3.2979962e+002
  3.2810444e+002
  3.2752272e+002
  3.2870210e+002
  3.2414014e+002
  3.2451288e+002
  3.2510073e+002
  3.2340841e+002
  3.2521254e+002
  3.2714875e+002
  3.3041302e+002
  3.3186313e+002
  3.3594481e+002
  3.3663076e+002
  3.3960752e+002
  3.3838840e+002
  3.3758548e+002
  3.3834900e+002
  3.3716497e+002
  3.3413486e+002
  3.3213828e+002
  3.3281668e+002
  3.3089772e+002
  3.2918354e+002
  3.2701925e+002
  3.2470957e+002
  3.2481217e+002
  3.2312236e+002
  3.2243459e+002
  3.2468107e+002
  3.1949996e+002
  3.1892206e+002
  3.1831855e+002
  3.1588702e+002
  3.1640895e+002
  3.1206112e+002
  3.1035509e+002
  3.0851194e+002
  3.0958202e+002
  3.0849602e+002
  3.0980345e+002
  3.0939371e+002
  3.0953331e+002
  3.1112489e+002
  3.0667757e+002
  3.0665237e+002
  3.0774459e+002
  3.0623667e+002
  3.0533822e+002
  3.0605630e+002
  3.0267899e+002
  3.0372433e+002
  3.0098870e+002
  3.0028314e+002
  2.9987623e+002
  2.9834039e+002
  2.9590773e+002
  2.9313256e+002
  2.9145723e+002
  2.9283929e+002
  2.9024569e+002
  2.8883642e+002
  2.8788946e+002
  2.8470331e+002
  2.8491834e+002
  2.8110979e+002
  2.8045823e+002
  2.8117991e+002
  2.8056613e+002
  2.7553999e+002
  2.7384107e+002
  2.7652302e+002
  2.7648160e+002
  2.6972947e+002
  2.7629014e+002
  2.7542531e+002
  2.7746340e+002
  2.7137164e+002
  2.7419027e+002
  2.7189505e+002
  2.7100189e+002
  2.6907514e+002
  2.6998639e+002
  2.6762411e+002
  2.6463776e+002
  2.5844245e+002
  2.5800849e+002
  2.6040805e+002
  2.5642036e+002
  2.5764055e+002
  2.5419052e+002
  2.5516718e+002
  2.5195663e+002
  2.5051735e+002
  2.5149835e+002
  2.5014938e+002
  2.4930181e+002
  2.4974149e+002
  2.4751506e+002
  2.4943223e+002
  2.4425068e+002
  2.4279225e+002
  2.4208155e+002
  2.4055782e+002
  2.2877881e+002
  2.3207815e+002
  2.4582601e+002
  2.4515756e+002
  2.4573694e+002
  2.4401142e+002
  2.4478200e+002
  2.3891731e+002
  2.4073461e+002
  2.3827980e+002
  2.4103523e+002
  2.3878814e+002
  2.3611845e+002
  2.3737901e+002
  2.3246497e+002
  2.3471671e+002
  2.3431688e+002
  2.3543152e+002
  2.3587526e+002
  2.3272200e+002
  2.3092689e+002
  2.3202334e+002
  2.3150291e+002
  2.2952538e+002
  2.3091482e+002
  2.3316754e+002
  2.2940262e+002
  2.3217657e+002
  2.3330926e+002
  2.2875138e+002
  2.3086896e+002
  2.2912221e+002
  2.3015848e+002
  2.2790244e+002
  2.3058584e+002
  2.2765739e+002
  2.2581997e+002
  2.2896895e+002
  2.2850597e+002
  2.2930516e+002
  2.2506740e+002
  2.2208380e+002
  2.2310816e+002
  2.2073597e+002
  2.1889286e+002
  2.2195713e+002
  2.1981329e+002
  2.1910195e+002
  2.1805963e+002
  2.2371185e+002
  2.1947580e+002
  2.1945174e+002
  2.1746901e+002
  2.1968453e+002
  2.1954344e+002
  2.1855782e+002
  2.1925622e+002
  2.1891375e+002
  2.2071649e+002
  2.2085560e+002
  2.2000357e+002
  2.2324233e+002
  2.2055556e+002
  2.2090406e+002
  2.2021205e+002
  2.1982849e+002
  2.2242642e+002
  2.1646555e+002
  2.1736822e+002
  2.1792606e+002
  2.1819358e+002
  2.1739898e+002
  2.1679372e+002
  2.1706555e+002
  2.1379067e+002
  2.1762758e+002
  2.1724985e+002
  2.1647034e+002
  2.1550953e+002
  2.1810063e+002
  2.1775260e+002
  2.1516560e+002
  2.1594304e+002
  2.1283505e+002
  2.1420548e+002
  2.1182263e+002
  2.1392575e+002
  2.1610477e+002
  2.1311928e+002
  2.1548459e+002
  2.1431266e+002
  2.1246247e+002
  2.1459989e+002
  2.1306520e+002
  2.1548754e+002
  2.1520010e+002
  2.1542613e+002
  2.1595658e+002
  2.1777603e+002
  2.1545930e+002
  2.1362595e+002
  2.1351648e+002
  2.1804640e+002
  2.1336749e+002
  2.1647134e+002
  2.1868714e+002
  2.1703697e+002
  2.1681583e+002
  2.1699920e+002
  2.1713540e+002
  2.1778364e+002
  2.1833398e+002
  2.1859720e+002
  2.1859163e+002
  2.1793044e+002
  2.2312746e+002
  2.2520378e+002
  2.2309357e+002
  2.2381029e+002
  2.2487288e+002
  2.3022850e+002
  2.3027851e+002
  2.3197084e+002
  2.3106235e+002
  2.3451434e+002
  2.3499963e+002
  2.3349210e+002
  2.3963364e+002
  2.4039573e+002
  2.4026669e+002
  2.4101054e+002
  2.3701556e+002
  2.4004206e+002
  2.3682723e+002
  2.3947109e+002
  2.3994477e+002
  2.3914447e+002
  2.3904887e+002
  2.3932978e+002
  2.4183760e+002
  2.3915668e+002
  2.3888624e+002
  2.3879860e+002
  2.4199022e+002
  2.4134115e+002
  2.4266087e+002
  2.4085216e+002
  2.4630815e+002
  2.4106577e+002
  2.4105413e+002
  2.4419300e+002
  2.4607201e+002
  2.4706673e+002
  2.4999294e+002
  2.4403826e+002
  2.4678279e+002
  2.4526893e+002
  2.4664374e+002
  2.4751264e+002
  2.4691193e+002
  2.4421122e+002
  2.4922340e+002
  2.4826801e+002
  2.4949817e+002
  2.4738415e+002
  2.4891856e+002
  2.4750161e+002
  2.4943588e+002
  2.4849069e+002
  2.4627091e+002
  2.5053010e+002
  2.5080200e+002
  2.5079761e+002
  2.5087045e+002
  2.5272874e+002
  2.5263318e+002
  2.5255524e+002
  2.5351219e+002
  2.5569409e+002
  2.5649571e+002
  2.5884201e+002
  2.5893923e+002
  2.6386944e+002
  2.6605835e+002
  2.6544811e+002
  2.6863831e+002
  2.7021360e+002
  2.7663848e+002
  2.8116487e+002
  2.8185268e+002
  2.8425802e+002
  2.8316166e+002
  2.9026221e+002
  2.8787448e+002
  2.9133176e+002
  2.9457787e+002
  2.9796423e+002
  2.9890861e+002
  2.9610571e+002
  2.9736353e+002
  2.9667061e+002
  2.9957242e+002
  2.9821373e+002
  3.0281794e+002
  3.0266999e+002
  3.0342148e+002
  3.0353213e+002
  3.0531786e+002
  3.0566195e+002
  3.1177663e+002
  3.1490413e+002
  3.1301733e+002
  3.1677877e+002
  3.1649210e+002
  3.1582164e+002
  3.2045269e+002
  3.1776356e+002
  3.1868175e+002
  3.2631451e+002
  3.2571909e+002
  3.3211258e+002
  3.3570813e+002
  3.3706999e+002
  3.3944076e+002
  3.3780991e+002
  3.3525480e+002
  3.4185510e+002
  3.4875468e+002
  3.4911730e+002
  3.4992087e+002
  3.5265593e+002
  3.5194581e+002
  3.5897063e+002
  3.6330240e+002
  3.6279289e+002
  3.6476818e+002
  3.7013022e+002
  3.7277592e+002
  3.7026165e+002
  3.7299565e+002
  3.8045284e+002
  3.8515823e+002
  3.8889207e+002
  3.9031309e+002
  3.8846310e+002
  3.9123396e+002
  3.9260017e+002
  3.9097766e+002
  3.9347434e+002
  3.9525631e+002
  3.9913696e+002
  3.9963799e+002
  4.0563312e+002
  4.0844028e+002
  4.1007012e+002
  4.0932015e+002
  4.1406802e+002
  4.1670919e+002
  4.1656615e+002
  4.2021042e+002
  4.2307717e+002
  4.1912289e+002
  4.2296482e+002
  4.2811345e+002
  4.2759854e+002
  4.2742409e+002
  4.2593472e+002
  4.2525961e+002
  4.2568418e+002
  4.2503916e+002
  4.2777310e+002
  4.2933518e+002
  4.3355367e+002
  4.3472153e+002
  4.3515703e+002
  4.3782125e+002
  4.3601868e+002
  4.3403917e+002
  4.3510538e+002
  4.3796610e+002
  4.3964273e+002
  4.4010630e+002
  4.4156684e+002
  4.4090019e+002
  4.4300514e+002
  4.4328123e+002
  4.4430331e+002
  4.4822406e+002
  4.4851892e+002
  4.4611217e+002
  4.4964998e+002
  4.5348414e+002
  4.5233522e+002
  4.5526924e+002
  4.5702198e+002
  4.5865624e+002
  4.6132294e+002
  4.6238508e+002
  4.6505255e+002
  4.6435717e+002
  4.6135727e+002
  4.6164353e+002
  4.6213925e+002
  4.6812315e+002
  4.7014879e+002
  4.6760795e+002
  4.7169104e+002
  4.7340754e+002
  4.7481857e+002
  4.7135080e+002
  4.7475909e+002
  4.7854770e+002
  4.7940853e+002
  4.8231456e+002
  4.8251252e+002
  4.8270135e+002
  4.8681268e+002
  4.8320898e+002
  4.8821147e+002
  4.8962354e+002
  4.8757332e+002
  4.8897077e+002
  4.8784540e+002
  4.8623193e+002
  4.8938077e+002
  4.9480222e+002
  4.9532056e+002
  4.9548025e+002
  4.9472423e+002
  4.9462285e+002
  4.9684614e+002
  4.9474946e+002
  4.9656345e+002
  4.9626144e+002
  4.9771501e+002
  4.9767328e+002
  4.9882235e+002
  4.9916236e+002
  4.9910077e+002
  4.9988261e+002
  4.9919250e+002
  4.9981204e+002
  5.0144666e+002
  4.9638893e+002
  4.9981552e+002
  5.0018933e+002
  5.0232988e+002
  4.9999815e+002
  5.0147976e+002
  5.0138207e+002
  5.0291932e+002
  5.0034924e+002
  5.0379487e+002
  5.0596405e+002
  4.9922049e+002
  4.9840304e+002
  5.0384683e+002
  5.0248320e+002
  5.0810679e+002
  5.0666216e+002
  5.0566412e+002
  5.0786661e+002
  5.0717847e+002
  5.0726700e+002
  5.0738985e+002
  5.0998530e+002
  5.0943824e+002
  5.0770004e+002
  5.1419971e+002
  5.1218531e+002
  5.1106311e+002
  5.1127863e+002
  5.1224976e+002
  5.1364828e+002
  5.1024331e+002
  5.0838610e+002
  5.0569306e+002
  5.0840874e+002
  5.0904768e+002
  5.1157543e+002
  5.1034960e+002
  5.0833501e+002
  5.0919318e+002
  5.1579008e+002
  5.1263608e+002
  5.1332342e+002
  5.0878453e+002
  5.1447361e+002
  5.1021771e+002
  5.0719404e+002
  5.0614600e+002
  5.0946977e+002
  5.0818701e+002
  5.0247648e+002
  5.0545146e+002
  5.1002303e+002
  5.1091648e+002
  5.1192495e+002
  5.0919542e+002
  5.0999727e+002
  5.0640143e+002
  5.0919822e+002
  5.1114796e+002
  5.1331596e+002
  5.1259191e+002
  5.1207457e+002
  5.1409549e+002
  5.1035077e+002
  5.1170260e+002
  5.1075014e+002
  5.1393837e+002
  5.1346811e+002
  5.1332434e+002
  5.1453533e+002
  5.1347543e+002
  5.1309263e+002
  5.1575481e+002
  5.1781222e+002
  5.1801968e+002
  5.1531798e+002
  5.1189722e+002
  5.1113053e+002
  5.1186004e+002
  5.1218261e+002
  5.1096172e+002
  5.1214060e+002
  5.1382479e+002
  5.1343918e+002
  5.1277943e+002
  5.1368675e+002
  5.1265609e+002
  5.1069031e+002
  5.1019611e+002
  5.0924564e+002
  5.1067964e+002
  5.1070087e+002
  5.1242610e+002
  5.1361492e+002
  5.1280628e+002
  5.1071918e+002
  5.1007807e+002
  5.0806232e+002
  5.1160699e+002
  5.1087989e+002
  5.0990594e+002
  5.0803033e+002
  5.0672256e+002
  5.0873257e+002
  5.1185531e+002
  5.1151063e+002
  5.1027417e+002
  5.1171941e+002
  5.1256327e+002
  5.0936947e+002
  5.0648450e+002
  5.0615413e+002
  5.0541415e+002
  5.0649238e+002
  5.0860903e+002
  5.1149475e+002
  5.0757546e+002
  5.0416228e+002
  5.0883997e+002
  5.0807151e+002
  5.0746186e+002
  5.0911145e+002
  5.0785754e+002
  5.0936476e+002
  5.1128739e+002
  5.0623115e+002
  5.1005514e+002
  5.0718795e+002
  5.0712535e+002
  5.0685885e+002
  5.0623267e+002
  5.0437213e+002
  5.0486283e+002
  5.0548490e+002
  5.0301897e+002
  5.0881740e+002
  5.0688879e+002
  5.0863774e+002
  5.0711306e+002
  5.0405264e+002
  5.0603181e+002
  5.0695531e+002
  5.0545661e+002
  5.0756442e+002
  5.0869837e+002
  5.1192217e+002
  5.0988346e+002
  5.0715221e+002
  5.1140356e+002
  5.1054262e+002
  5.1121639e+002
  5.1084818e+002
  5.1172134e+002
  5.1052522e+002
  5.1508500e+002
  5.1631040e+002
  5.1579627e+002
  5.1634681e+002
  5.1860192e+002
  5.1760261e+002
  5.1899219e+002
  5.1791868e+002
  5.1278767e+002
  5.1498206e+002
  5.1414277e+002
  5.1568590e+002
  5.1338454e+002
  5.1426297e+002
  5.1807638e+002
  5.1643426e+002
  5.1577242e+002
  5.1236871e+002
  5.1392016e+002
  5.1196949e+002
  5.1402310e+002
  5.1298007e+002
  5.1269696e+002
  5.1324521e+002
  5.1200212e+002
  5.1070191e+002
  5.1394011e+002
  5.1213460e+002
  5.1494433e+002
  5.1318544e+002
  5.0938863e+002
  5.0898635e+002
  5.0704860e+002
  5.0705483e+002
  5.0466045e+002
  5.0703773e+002
  4.9606444e+002
  4.9382232e+002
  4.9114814e+002
  4.9077870e+002
  4.9045380e+002
  4.8765571e+002
  4.8363003e+002
  4.8139421e+002
  4.8063840e+002
  4.8112361e+002
  4.7529181e+002
  4.7541923e+002
  4.7821047e+002
  4.7926078e+002
  4.8129735e+002
  4.7664046e+002
  4.7970575e+002
  4.7820122e+002
  4.7577834e+002
  4.7609688e+002
  4.7425208e+002
  4.7643852e+002
  4.7227945e+002
  4.7130109e+002
  4.7195461e+002
  4.6701991e+002
  4.6774411e+002
  4.6737088e+002
  4.6633145e+002
  4.6628807e+002
  4.6704949e+002
  4.6824766e+002
  4.7236390e+002
  4.8088890e+002
  4.8168531e+002
  4.8951107e+002
  4.9266462e+002
  4.8979386e+002
  4.9312495e+002
  4.9359583e+002
  4.8777530e+002
  4.8864055e+002
  4.9063011e+002
  4.8901767e+002
  4.8891529e+002
  4.8813397e+002
  4.8560687e+002
  4.8667271e+002
  4.8613477e+002
  4.8696523e+002
  4.8543770e+002
  4.8432527e+002
  4.8538707e+002
  4.8138781e+002
  4.8052306e+002
  4.7936977e+002
  4.7705644e+002
  4.7548498e+002
  4.7616507e+002
  4.7508720e+002
  4.7510216e+002
  4.8089211e+002
  4.8017804e+002
  4.8171553e+002
  4.8208566e+002
  4.8875565e+002
  4.8646549e+002
  4.8305933e+002
  4.8751465e+002
  4.8553968e+002
  4.8313929e+002
  4.8372045e+002
  4.8869205e+002
  4.8754924e+002
  4.8854255e+002
  4.8560705e+002
  4.8883950e+002
  4.8984543e+002
  4.8569198e+002
  4.8867147e+002
  4.8789342e+002
  4.8781302e+002
  4.8696295e+002
  4.8663311e+002
  4.8610171e+002
  4.8639601e+002
  4.8345778e+002
  4.8209000e+002
  4.8012295e+002
  4.8133289e+002
  4.7787461e+002
  4.7536324e+002
  4.7997405e+002
  4.7964615e+002
  4.8403396e+002
  4.8250594e+002
  4.8281446e+002
  4.8475005e+002
  4.8601987e+002
  4.8544102e+002
  4.8471473e+002
  4.8551735e+002
  4.8838779e+002
  4.8313552e+002
  4.8336542e+002
  4.8469194e+002
  4.8120396e+002
  4.8112310e+002
  4.8259373e+002
  4.8020473e+002
  4.8116193e+002
  4.7620592e+002
  4.7773020e+002
  4.7875689e+002
  4.8078572e+002
  4.7678161e+002
  4.7628919e+002
  4.7786215e+002
  4.7832716e+002
  4.7207886e+002
  4.7608143e+002
  4.7557346e+002
  4.7534602e+002
  4.7788133e+002
  4.7629308e+002
  4.7745077e+002
  4.7569926e+002
  4.7575726e+002
  4.7533982e+002
  4.7971288e+002
  4.7305513e+002
  4.7205775e+002
  4.7600411e+002
  4.7542725e+002
  4.7660363e+002
  4.7719439e+002
  4.7365547e+002
  4.7571388e+002
  4.7203691e+002
  4.7416051e+002
  4.7156924e+002
  4.7347065e+002
  4.7516956e+002
  4.7610414e+002
  4.7226264e+002
  4.6938289e+002
  4.7181643e+002
  4.7073347e+002
  4.7037044e+002
  4.6897599e+002
  4.6557253e+002
  4.6684139e+002
  4.6499765e+002
  4.6323367e+002
  4.6249429e+002
  4.6271637e+002
  4.6090289e+002
  4.6190271e+002
  4.5921508e+002
  4.5802405e+002
  4.5680399e+002
  4.5508927e+002
  4.5684968e+002
  4.5619187e+002
  4.5660684e+002
  4.5541758e+002
  4.5711030e+002
  4.5705956e+002
  4.5560551e+002
  4.5267926e+002
  4.5055265e+002
  4.4847484e+002
  4.5096546e+002
  4.5065160e+002
  4.5337316e+002
  4.4884479e+002
  4.4953657e+002
  4.4882986e+002
  4.4594610e+002
  4.4566279e+002
  4.4351576e+002
  4.4604045e+002
  4.4469517e+002
  4.4553778e+002
  4.4518370e+002
  4.4605661e+002
  4.3928223e+002
  4.3998191e+002
  4.4266649e+002
  4.4093392e+002
  4.4494524e+002
  4.4073184e+002
  4.3906303e+002
  4.4080933e+002
  4.3897264e+002
  4.3782392e+002
  4.3875681e+002
  4.3840050e+002
  4.3618026e+002
  4.3512722e+002
  4.3781471e+002
  4.3748274e+002
  4.3613667e+002
  4.3287757e+002
  4.3155015e+002
  4.3247176e+002
  4.3250242e+002
  4.3267175e+002
  4.3367828e+002
  4.3044106e+002
  4.2625040e+002
  4.2879296e+002
  4.3094019e+002
  4.2767244e+002
  4.2742653e+002
  4.3006124e+002
  4.2979627e+002
  4.2486050e+002
  4.2203094e+002
  4.2177888e+002
  4.2582291e+002
  4.2474309e+002
  4.2249283e+002
  4.2354461e+002
  4.2148855e+002
  4.2416171e+002
  4.2287065e+002
  4.2454672e+002
  4.2270638e+002
  4.2073775e+002
  4.2024088e+002
  4.1892780e+002
  4.1980234e+002
  4.2046691e+002
  4.1773812e+002
  4.1906503e+002
  4.1993456e+002
  4.1778111e+002
  4.1616276e+002
  4.1876817e+002
  4.1305767e+002
  4.1319239e+002
  4.0942979e+002
  4.0857165e+002
  4.0940344e+002
  4.0757582e+002
  4.0887076e+002
  4.0785233e+002
  4.0203629e+002
  4.0255810e+002
  4.0078217e+002
  3.9909994e+002
  4.0143745e+002
  3.9293719e+002
  3.8868037e+002
  4.0207620e+002
  4.0148140e+002
  4.0319965e+002
  3.9692360e+002
  3.9793185e+002
  3.8551521e+002
  3.8505532e+002
  4.0177965e+002
  3.9787019e+002
  3.9475188e+002
  3.9575750e+002
  3.9678324e+002
  4.0072611e+002
  3.9071604e+002
  3.8737855e+002
  3.9941808e+002
  3.9512460e+002
  3.9133984e+002
  3.8625652e+002
  3.8146893e+002
  3.9513221e+002
  3.9280242e+002
  3.9176992e+002
  3.8397931e+002
  3.9080193e+002
  3.9293263e+002
  3.9163972e+002
  3.8039969e+002
  3.7949163e+002
  3.8527187e+002
  3.8329206e+002
  3.8948369e+002
  3.8983566e+002
  3.8760850e+002
  3.8892670e+002
  3.8828818e+002
  3.8899322e+002
  3.9078891e+002
  3.8922144e+002
  3.8606010e+002
  3.5512083e+002
  3.7358968e+002
  3.7530535e+002
  3.8084211e+002
  3.8281927e+002
  3.7845195e+002
  3.7323059e+002
  3.7908272e+002
  3.5806105e+002
  3.6905617e+002
  3.7961257e+002
  3.7649777e+002
  3.7294715e+002
  3.6161674e+002
  3.7357563e+002
  3.6619881e+002
  3.7887705e+002
  3.7385141e+002
  3.7491492e+002
  3.7263089e+002
  3.7718675e+002
  3.5417303e+002
  3.6642911e+002
  3.7060616e+002
  3.7371290e+002
  3.8081769e+002
  3.7718767e+002
  3.7218487e+002
  3.7224046e+002
  3.6909565e+002
  3.7917960e+002
  3.7617560e+002
  3.7784946e+002
  3.7634655e+002
  3.7769338e+002
  3.6384882e+002
  3.5589145e+002
  3.7365344e+002
  3.7163711e+002
  3.7133723e+002
  3.7775323e+002
  3.7912253e+002
  3.7626642e+002
  3.7039860e+002
  3.6757728e+002
  3.6480517e+002
  3.7383923e+002
  3.6080565e+002
  3.6177625e+002
  3.6449191e+002
  3.6839418e+002
  3.7135388e+002
  3.5893095e+002
  3.6351592e+002
  3.6619994e+002
  3.5727693e+002
  3.5660075e+002
  3.5691600e+002
  3.6786269e+002
  3.6438723e+002
  3.5502285e+002
  3.7303043e+002
  3.6579412e+002
  3.7379004e+002
  3.7514612e+002
  3.6510688e+002
  3.6782753e+002
  3.6946655e+002
  3.7496258e+002
  3.6187959e+002
  3.6875871e+002
  3.6163550e+002
  3.6796978e+002
  3.6943274e+002
  3.7467954e+002
  3.6085172e+002
  3.6876693e+002
  3.5823601e+002
  3.6604261e+002
  3.6899814e+002
  3.6009381e+002
  3.6997373e+002
  3.6443932e+002
  3.5975146e+002
  3.7056771e+002
  3.6225028e+002
  3.7108941e+002
  3.7485981e+002
  3.6945779e+002
  3.7168088e+002
  3.7227559e+002
  3.5042038e+002
  3.6114432e+002
  3.6255538e+002
  3.6920970e+002
  3.6225849e+002
  3.7104742e+002
  3.7283029e+002
  3.5723133e+002
  3.6230231e+002
  3.6975966e+002
  3.6094962e+002
  3.7171666e+002
  3.6925663e+002
  3.7621169e+002
  3.5859821e+002
  3.7696961e+002
  3.7676980e+002
  3.7806823e+002
  3.6603516e+002
  3.7625695e+002
  3.6707427e+002
  3.6642591e+002
  3.7742075e+002
  3.7708921e+002
  3.7186804e+002
  3.7150562e+002
  3.7100034e+002
  3.7054243e+002
  3.6340665e+002
  3.6865956e+002
  3.7457122e+002
  3.6679931e+002
  3.8162586e+002
  3.7989635e+002
  3.8097406e+002
  3.7343329e+002
  3.6742315e+002
  3.7036580e+002
  3.6096935e+002
  3.8084507e+002
  3.7221697e+002
  3.7192217e+002
  3.6388831e+002
  3.6476075e+002
  3.7051423e+002
  3.6976275e+002
  3.7516177e+002
  3.6523421e+002
  3.6605370e+002
  3.7339194e+002
  3.6819455e+002
  3.5009187e+002
  3.6189436e+002
  3.4625085e+002
  3.6186221e+002
  3.6661070e+002
  3.5636431e+002
  3.6788020e+002
  3.5460264e+002
  3.6319875e+002
  3.7115121e+002
  3.6778789e+002
  3.6521979e+002
  3.5060238e+002
  3.6879141e+002
  3.5454496e+002
  3.5492356e+002
  3.6727878e+002
  3.6633272e+002
  3.6436963e+002
  3.5164770e+002
  3.6275503e+002
  3.5810308e+002
  3.6309489e+002
  3.3155432e+002
  3.5297960e+002
  3.3290669e+002
  3.3729412e+002
  3.3794763e+002
  3.4990918e+002
  3.4601919e+002
  3.3772655e+002
  3.4448833e+002
  3.3924106e+002
  3.4209838e+002
  3.3452080e+002
  3.3996775e+002
  3.3845069e+002
  3.4411320e+002
  3.4319852e+002
  3.3158348e+002
  3.3732236e+002
  3.3716251e+002
  3.4332809e+002
  3.4517112e+002
  3.3098346e+002
  3.3845129e+002
  3.3054483e+002
  3.2482219e+002
  3.3032905e+002
  3.3820339e+002
  3.3583389e+002
  3.4375283e+002
  3.3737706e+002
  3.3480028e+002
  3.3661275e+002
  3.3347803e+002
  3.3742718e+002
  3.3016622e+002
  3.3174647e+002
  3.3873313e+002
  3.3108949e+002
  3.1470524e+002
  3.2490115e+002
  3.2873281e+002
  3.3242200e+002
  3.3443323e+002
  3.2211557e+002
  3.3183869e+002
  3.1095345e+002
  3.3056104e+002
  3.2617785e+002
  3.2169670e+002
  3.2087442e+002
  3.2128200e+002
  3.1176458e+002
  3.1783599e+002
  3.2841415e+002
  3.2157207e+002
  3.0693616e+002
  3.1602131e+002
  3.1421925e+002
  3.1804958e+002
  3.2200357e+002
  3.2711949e+002
  3.1785848e+002
  3.0768633e+002
  2.9967092e+002
  3.2805808e+002
  3.1406104e+002
  3.1873508e+002
  3.1085343e+002
  3.0499160e+002
  3.2187637e+002
  3.1192869e+002
  2.9470755e+002
  3.0486532e+002
  2.9487226e+002
  2.9991946e+002
  3.1496580e+002
  3.1559177e+002
  3.0261765e+002
  3.0638567e+002
  2.9768458e+002
  3.0104192e+002
  2.9253516e+002
  3.0651826e+002
  2.9485428e+002
  3.1041435e+002
  3.0589837e+002
  3.0842344e+002
  3.1110848e+002
  3.1287537e+002
  3.0571586e+002
  3.0864770e+002
  2.9764831e+002
  3.0523811e+002
  2.9544799e+002
  2.8480369e+002
  2.9683496e+002
  3.1030590e+002
  3.0939797e+002
  3.1122638e+002
  2.9691176e+002
  2.9638089e+002
  3.0408238e+002
  3.0544468e+002
  3.0336765e+002
  3.1075574e+002
  3.0398225e+002
  2.9921185e+002
  3.0432780e+002
  2.9541160e+002
  3.0410663e+002
  3.0690625e+002
  3.1273996e+002
  2.9449337e+002
  3.0411212e+002
  2.9467788e+002
  2.9340105e+002
  3.1036596e+002
  3.1002600e+002
  3.0865533e+002
  3.0730698e+002
  3.0547762e+002
  3.0125999e+002
  3.0500171e+002
  2.9996760e+002
  3.0950884e+002
  3.0810458e+002
  3.0609993e+002
  3.0208075e+002
  3.0297454e+002
  3.1016889e+002
  3.1381502e+002
  3.0874051e+002
  3.1396011e+002
  3.1521441e+002
  3.0890276e+002
  2.8589565e+002
  3.0980058e+002
  3.0412712e+002
  2.9692130e+002
  3.1396239e+002
  3.0367805e+002
  3.0523941e+002
  2.9838057e+002
  3.0221199e+002
  3.0010476e+002
  3.2534785e+002
  3.2283829e+002
  3.2512616e+002
  3.1749074e+002
  3.0492280e+002
  3.0880728e+002
  3.0440408e+002
  3.1675092e+002
  3.1453364e+002
  3.0226290e+002
  3.2088029e+002
  3.1399686e+002
  3.1362283e+002
  3.1796000e+002
  2.9976800e+002
  3.0889534e+002
  3.1385313e+002
  3.0820886e+002
  3.1619232e+002
  3.1066158e+002
  3.0673996e+002
  3.1810763e+002
  3.2084753e+002
  3.3056107e+002
  3.2763074e+002
  3.1814671e+002
  3.3298929e+002
  3.4066222e+002
  3.5303904e+002
  3.6828194e+002
  3.6815393e+002
  3.6421170e+002
  3.7021560e+002
  3.7938888e+002
  3.8176754e+002
  3.9633603e+002
  3.7349712e+002
  3.8191921e+002
  3.8102189e+002
  3.9421275e+002
  3.9640446e+002
  3.9369540e+002
  3.9379905e+002
  3.9316144e+002
  3.8798997e+002
  3.7814437e+002
  3.8292075e+002
  3.9980927e+002
  3.7995786e+002
  3.8668954e+002
  3.8662954e+002
  3.8284333e+002
  3.8051109e+002
  3.7568154e+002
  3.7916203e+002
  3.8657123e+002
  3.8205841e+002
  4.0399632e+002
  3.8944044e+002
  3.9758619e+002
  4.1044014e+002
  4.1318006e+002
  4.0913079e+002
  3.9319259e+002
  4.1076636e+002
  4.0718221e+002
  4.1344965e+002
  4.1216202e+002
  4.0223823e+002
  4.1197568e+002
  4.0036737e+002
  4.0544382e+002
  3.9510178e+002
  3.8912961e+002
  4.1305978e+002
  4.0467574e+002
  4.0582571e+002
  4.0629939e+002
  3.9548962e+002
  3.9521223e+002
  3.8403031e+002
  3.9147607e+002
  3.8150914e+002
  3.9562577e+002
  4.0090119e+002
  3.8206915e+002
  3.8792253e+002
  4.0601436e+002
  4.2464011e+002
  4.3158856e+002
  4.3466572e+002
  4.3519733e+002
  4.3722970e+002
  4.1664417e+002
  4.0875528e+002
  4.1517447e+002
  4.2164843e+002
  4.1271208e+002
  3.9631833e+002
  3.8018985e+002
  3.6998446e+002
  3.6161948e+002
  3.6138151e+002
  3.6037803e+002
  3.6300780e+002
  3.6529780e+002
  3.7042333e+002
  3.7864317e+002
  3.8405532e+002
  3.9110539e+002
  3.9834425e+002
  4.0304697e+002
  4.0723584e+002
  4.0722503e+002
  4.0435251e+002
  4.0337820e+002
  4.1047420e+002
  3.9839666e+002
  4.1431434e+002
  4.0776850e+002
  4.0965380e+002
  3.9064402e+002
  3.9203505e+002
  4.1207460e+002
  4.1555561e+002
  4.1230348e+002
  4.0191917e+002
  4.0043962e+002
  4.0097690e+002
  4.0353877e+002
  3.9012951e+002
  3.9144841e+002
  3.9181975e+002
  4.0138374e+002
  3.8800533e+002
  3.8001098e+002
  3.7819489e+002
  3.6972949e+002
  3.7844073e+002
  3.8366220e+002
  3.7569914e+002
  3.7826979e+002
  3.7545435e+002
  3.6276599e+002
  3.7181496e+002
  3.6721686e+002
  3.7424444e+002
  3.5939762e+002
  3.5386459e+002
  3.6313366e+002
  3.4784857e+002
  3.5095199e+002
  3.5588091e+002
  3.4975449e+002
  3.4949267e+002
  3.4191075e+002
  3.4255248e+002
  3.3649403e+002
  3.3997754e+002
  3.3607950e+002
  3.2751199e+002
  3.2469651e+002
  3.3642126e+002
  3.3280903e+002
  3.3273753e+002
  3.2074609e+002
  3.2705257e+002
  3.0925134e+002
  3.1725871e+002
  3.0941853e+002
  3.1094561e+002
  3.1157108e+002
  3.1488153e+002
  3.1953889e+002
  3.2559084e+002
  3.0188671e+002
  3.0224910e+002
  2.9814721e+002
  3.0370176e+002
  3.2333733e+002
  3.1169215e+002
  3.1215548e+002
  3.0754309e+002
  3.1561577e+002
  3.0578012e+002
  3.1839645e+002
  3.0219907e+002
  3.2126325e+002
  2.9930138e+002
  3.0909569e+002
  3.0494476e+002
  3.2021615e+002
  3.1688710e+002
  3.1829521e+002
  3.1208706e+002
  3.0612180e+002
  3.1735773e+002
  2.9330438e+002
  2.9803307e+002
  2.9194551e+002
  2.8242332e+002
  2.9252503e+002
  2.9193528e+002
  2.7558192e+002
  2.8601360e+002
  2.8970757e+002
  2.9470086e+002
  2.9399111e+002
  2.9538501e+002
  3.0788410e+002
  2.9458609e+002
  2.9420359e+002
  2.9503394e+002
  3.0406729e+002
  3.1405128e+002
  3.1288529e+002
  3.1264751e+002
  3.0884969e+002
  3.0589602e+002
  3.0878100e+002
  2.9684891e+002
  3.1243468e+002
  3.0502193e+002
  3.0888389e+002
  2.9376747e+002
  2.9901750e+002
  3.0175156e+002
  2.7974346e+002
  2.8410170e+002
  2.9185553e+002
  2.8818562e+002
  2.8092729e+002
  2.8750595e+002
  2.6689507e+002
  2.7397248e+002
  2.5997958e+002
  2.7035118e+002
  2.8104388e+002
  2.7012727e+002
  2.7353160e+002
  2.7688763e+002
  2.6784049e+002
  2.6655300e+002
  2.8285967e+002
  2.8742010e+002
  2.8492862e+002
  2.8056083e+002
  2.8426925e+002
  2.7230090e+002
  2.6783544e+002
  2.6528878e+002
  2.6760870e+002
  2.5959437e+002
  2.4968557e+002
  2.5021852e+002
  2.4379741e+002
  2.4366316e+002
  2.4744595e+002
  2.3067498e+002
  2.2784130e+002
  2.4639600e+002
  2.5536197e+002
  2.5875526e+002
  2.4212360e+002
  2.4516251e+002
  2.3958207e+002
  2.3361247e+002
  2.2226075e+002
  2.3995780e+002
  2.3967412e+002
  2.3914524e+002
  2.4443443e+002
  2.2440015e+002
  2.3624042e+002
  2.3211368e+002
  2.1878343e+002
  2.1802842e+002
  2.1610826e+002
  2.3473815e+002
  2.3589546e+002
  2.3133444e+002
  2.3152141e+002
  2.2832663e+002
  2.2430250e+002
  2.2854753e+002
  2.2569082e+002
  2.2270818e+002
  2.2725192e+002
  2.2497434e+002
  2.0359534e+002
  2.0555637e+002
  2.1602511e+002
  2.0880019e+002
  2.1067577e+002
  2.0676440e+002
  2.1102603e+002
  2.0885708e+002
  2.0776525e+002
  2.0863884e+002
  1.9097492e+002
  1.9301311e+002
  2.0330408e+002
  1.9569941e+002
  1.9259452e+002
  1.8708003e+002
  1.9913361e+002
  1.8708319e+002
  1.8187731e+002
  1.8566719e+002
  1.8098925e+002
  1.8866116e+002
  1.7830056e+002
  1.8150792e+002
  1.9216267e+002
  1.7926114e+002
  1.8984521e+002
  1.7874100e+002
  1.9140642e+002
  1.7371240e+002
  1.8082645e+002
  1.8520428e+002
  1.7374907e+002
  1.7276798e+002
  1.6774385e+002
  1.8057828e+002
  1.7091322e+002
  1.7667028e+002
  1.7814092e+002
  1.6744572e+002
  1.7276562e+002
  1.7088347e+002
  1.6396939e+002
  1.6123960e+002
  1.5856353e+002
  1.5513231e+002
  1.6086533e+002
  1.7077803e+002
  1.5820400e+002
  1.6638404e+002
  1.6504876e+002
  1.5126201e+002
  1.6683594e+002
  1.5417406e+002
  1.6173915e+002
  1.4853151e+002
  1.6861564e+002
  1.5813020e+002
  1.6066238e+002
  1.5741150e+002
  1.6240390e+002
  1.5527086e+002
  1.6442438e+002
  1.6317419e+002
  1.7540392e+002
  1.6157069e+002
  1.4873001e+002
  1.5377955e+002
  1.5653889e+002
  1.5049152e+002
  1.5731292e+002
  1.5600014e+002
  1.5659061e+002
  1.4323559e+002
  1.4625760e+002
  1.4691372e+002
  1.4685614e+002
  1.5678061e+002
  1.4993406e+002
  1.5484044e+002
  1.5529222e+002
  1.5908258e+002
  1.4684118e+002
  1.5400471e+002
  1.5954666e+002
  1.4279250e+002
  1.4950354e+002
  1.5944425e+002
  1.4552239e+002
  1.5097826e+002
  1.5466451e+002
  1.4863980e+002
  1.6152847e+002
  1.5514956e+002
  1.4014030e+002
  1.4788527e+002
  1.5447306e+002
  1.4479836e+002
  1.6593653e+002
  1.4618416e+002
  1.4783249e+002
  1.5060184e+002
  1.3833865e+002
  1.3635348e+002
  1.3559287e+002
  1.5257243e+002
  1.3631894e+002
  1.3845381e+002
  1.4796980e+002
  1.4317173e+002
  1.4334039e+002
  1.4537434e+002
  1.3576411e+002
  1.3532711e+002
  1.3387086e+002
  1.2668326e+002
  1.4925648e+002
  1.3955388e+002
  1.4806308e+002
  1.4230989e+002
  1.2613442e+002
  1.3186961e+002
  1.4460570e+002
  1.2817418e+002
  1.3253483e+002
  1.3877643e+002
  1.4570045e+002
  1.2528010e+002
  1.4023467e+002
  1.2959983e+002
  1.3636726e+002
  1.4645325e+002
  1.4131649e+002
  1.4917964e+002
  1.4450951e+002
  1.4926731e+002
  1.3319203e+002
  1.3774017e+002
  1.3402369e+002
  1.3448282e+002
  1.5565919e+002
  1.4944799e+002
  1.3433450e+002
  1.4132828e+002
  1.4210102e+002
  1.4975285e+002
  1.4495217e+002
  1.4370633e+002
  1.3928997e+002
  1.3850245e+002
  1.4681529e+002
  1.3560709e+002
  1.5257566e+002
  1.3805215e+002
  1.4792239e+002
  1.3250443e+002
  1.4414557e+002
  1.3032515e+002
  1.5253930e+002
  1.3182833e+002
  1.4209642e+002
  1.5119607e+002
  1.3422546e+002
  1.4116508e+002
  1.2786266e+002
  1.3321444e+002
  1.2575301e+002
  1.3566778e+002
  1.3011850e+002
  1.4473142e+002
  1.3088604e+002
  1.4106476e+002
  1.4048568e+002
  1.2518196e+002
  1.2823352e+002
  1.3524696e+002
  1.3928451e+002
  1.2178623e+002
  1.3493374e+002
  1.2534126e+002
  1.3024074e+002
  1.4164328e+002
  1.3164677e+002
  1.3439961e+002
  1.3705485e+002
  1.2569553e+002
  1.2760654e+002
  1.3124258e+002
  1.3990725e+002
  1.4421064e+002
  1.3195587e+002
  1.2783962e+002
  1.3524265e+002
  1.2790759e+002
  1.4284069e+002
  1.3477997e+002
  1.4358325e+002
  1.2924863e+002
  1.2750116e+002
  1.2973182e+002
  1.3059700e+002
  1.3028487e+002
  1.3712554e+002
  1.4013620e+002
  1.3967955e+002
  1.3686994e+002
  1.3829196e+002
  1.4128692e+002
  1.3084647e+002
  1.4939883e+002
  1.4011338e+002
  1.3531271e+002
  1.3768293e+002
  1.3754212e+002
  1.4343617e+002
  1.4625978e+002
  1.5600071e+002
  1.4485392e+002
  1.4773943e+002
  1.4931529e+002
  1.3902014e+002
  1.6273225e+002
  1.5082832e+002
  1.5208570e+002
  1.5703301e+002
  1.5948519e+002
  1.4071361e+002
  1.5488456e+002
  1.4301877e+002
  1.5654040e+002
  1.6511104e+002
  1.4769503e+002
  1.5198184e+002
  1.5252599e+002
  1.5027827e+002
  1.5659201e+002
  1.6651204e+002
  1.6291290e+002
  1.7559510e+002
  1.5892193e+002
  1.6076769e+002
  1.6859891e+002
  1.5889716e+002
  1.6539081e+002
  1.7557079e+002
  1.6680195e+002
  1.6204028e+002
  1.7177118e+002
  1.6754614e+002
  1.6511686e+002
  1.8538103e+002
  1.7809072e+002
  1.7034579e+002
  1.6581368e+002
  1.7580899e+002
  1.7010828e+002
  1.7705635e+002
  1.8720047e+002
  1.9425418e+002
  1.8255698e+002
  1.8412439e+002
  1.9407210e+002
  1.8893143e+002
  1.7773491e+002
  1.8374212e+002
  2.0640976e+002
  1.8635245e+002
  1.9139847e+002
  1.8982740e+002
  1.9079575e+002
  2.0046430e+002
  1.8927960e+002
  2.0870122e+002
  2.0024729e+002
  2.0633276e+002
  1.9823695e+002
  2.1534650e+002
  2.1716605e+002
  1.9766304e+002
  1.8965558e+002
  1.9202329e+002
  1.8878294e+002
  1.9203520e+002
  1.9241089e+002
  2.0431576e+002
  2.0092779e+002
  2.1415849e+002
  1.9660361e+002
  1.9882916e+002
  1.9920470e+002
  2.0465023e+002
  2.0327419e+002
  2.1237282e+002
  2.1734902e+002
  2.0371664e+002
  2.1613855e+002
  2.1594686e+002
  2.0617442e+002
  2.1576986e+002
  2.1770734e+002
  2.3431674e+002
  2.3526995e+002
  2.2228738e+002
  2.3476569e+002
  2.2559002e+002
  2.3118027e+002
  2.4558039e+002
  2.3040546e+002
  2.2451108e+002
  2.2382642e+002
  2.2389240e+002
  2.3331841e+002
  2.3765299e+002
  2.2745745e+002
  2.3329300e+002
  2.2519288e+002
  2.2714154e+002
  2.2903041e+002
  2.3512312e+002
  2.3265067e+002
  2.4258580e+002
  2.4360852e+002
  2.3327509e+002
  2.5018925e+002
  2.3665032e+002
  2.4594069e+002
  2.3776419e+002
  2.5664726e+002
  2.4418391e+002
  2.4619007e+002
  2.4077671e+002
  2.4074329e+002
  2.4086253e+002
  2.4713224e+002
  2.6643621e+002
  2.6324156e+002
  2.4587708e+002
  2.4931670e+002
  2.5363908e+002
  2.4826359e+002
  2.5388573e+002
  2.6950928e+002
  2.6042830e+002
  2.5259634e+002
  2.7102271e+002
  2.5613945e+002
  2.5680035e+002
  2.7300562e+002
  2.8437073e+002
  2.7440648e+002
  2.6068357e+002
  2.7296029e+002
  2.6115543e+002
  2.6171398e+002
  2.7884002e+002
  2.7514685e+002
  2.7533828e+002
  2.6344158e+002
  2.6392255e+002
  2.6571801e+002
  2.7727230e+002
  2.7105785e+002
  2.7174081e+002
  2.7051457e+002
  2.7829792e+002
  2.6848180e+002
  2.7475834e+002
  2.7320921e+002
  2.8231635e+002
  3.0641037e+002
  2.6681359e+002
  2.4757819e+002
  2.8429414e+002
  3.1213307e+002
  3.2066865e+002
  3.1951800e+002
  3.2120300e+002
  3.2380970e+002
  3.2482335e+002
  3.2592907e+002
  3.1876903e+002
  3.1910596e+002
  3.1929270e+002
  3.1881094e+002
  3.1932386e+002
  3.1765586e+002
  3.2378742e+002
  3.2421774e+002
  3.1864303e+002
  3.1851773e+002
  3.2177037e+002
  3.2153231e+002
  3.2217539e+002
  3.2157932e+002
  3.2488761e+002
  3.2468421e+002
  3.2466224e+002
  3.2888949e+002
  3.2741370e+002
  3.2420232e+002
  3.2579905e+002
  3.2819369e+002
  3.2549650e+002
  3.2657244e+002
  3.2285590e+002
  3.2719802e+002
  3.2856928e+002
  3.2952414e+002
  3.2828873e+002
  3.2815770e+002
  3.2687161e+002
  3.2961012e+002
  3.2921038e+002
  3.3135564e+002
  3.2873283e+002
  3.2952434e+002
  3.3163484e+002
  3.3154818e+002
  3.3117848e+002
  3.2881038e+002
  3.2633444e+002
  3.3003618e+002
  3.2875542e+002
  3.2926514e+002
  3.2732320e+002
  3.2699485e+002
  3.2602568e+002
  3.2419863e+002
  3.2830721e+002
  3.2848485e+002
  3.2881775e+002
  3.2556311e+002
  3.2544360e+002
  3.2755507e+002
  3.2654161e+002
  3.2556284e+002
  3.2549542e+002
  3.2572985e+002
  3.2824771e+002
  3.2894596e+002
  3.3053320e+002
  3.3061571e+002
  3.3210215e+002
  3.3086654e+002
  3.2982704e+002
  3.3118452e+002
  3.3280316e+002
  3.2894749e+002
  3.3217584e+002
  3.3241560e+002
  3.3061633e+002
  3.3165236e+002
  3.2891365e+002
  3.3010510e+002
  3.3024002e+002
  3.3122716e+002
  3.3120788e+002
  3.3198762e+002
  3.3078379e+002
  3.2939123e+002
  3.3032611e+002
  3.2984850e+002
  3.2807806e+002
  3.3026559e+002
  3.2741478e+002
  3.2491551e+002
  3.2595971e+002
  3.3092197e+002
  3.2869769e+002
  3.3061282e+002
  3.3199473e+002
  3.2749918e+002
  3.2801549e+002
  3.2832181e+002
  3.2667785e+002
  3.2909151e+002
  3.2966851e+002
  3.2866084e+002
  3.2787324e+002
  3.2861894e+002
  3.2748633e+002
  3.3117897e+002
  3.2967529e+002
  3.2975718e+002
  3.3281171e+002
  3.3088753e+002
  3.2984337e+002
  3.2850568e+002
  3.3328734e+002
  3.3305296e+002
  3.3353876e+002
  3.3132476e+002
  3.3182684e+002
  3.2978231e+002
  3.2685910e+002
  3.2457401e+002
  3.2709204e+002
  3.2613014e+002
  3.2562181e+002
  3.2371749e+002
  3.2065359e+002
  3.2551238e+002
  3.2683552e+002
  3.2485692e+002
  3.2454555e+002
  3.2519582e+002
  3.2878787e+002
  3.2877101e+002
  3.2645936e+002
  3.2546374e+002
  3.2202860e+002
  3.2310527e+002
  3.2465380e+002
  3.2334785e+002
  3.2746049e+002
  3.2789480e+002
  3.2692749e+002
  3.2726023e+002
  3.2804397e+002
  3.2531463e+002
  3.2649642e+002
  3.2543533e+002
  3.2400893e+002
  3.2419300e+002
  3.2110472e+002
  3.2115617e+002
  3.2322669e+002
  3.2143098e+002
  3.2798441e+002
  3.2466453e+002
  3.2590360e+002
  3.2657274e+002
  3.2391728e+002
  3.2632442e+002
  3.2441448e+002
  3.2541119e+002
  3.2624661e+002
  3.2494627e+002
  3.2660222e+002
  3.2751551e+002
  3.2796390e+002
  3.2588286e+002
  3.2387228e+002
  3.2869166e+002
  3.2959204e+002
  3.2485281e+002
  3.2850513e+002
  3.2546696e+002
  3.2497910e+002
  3.2580674e+002
  3.2541767e+002
  3.2500573e+002
  3.2248841e+002
  3.2464310e+002
  3.2512026e+002
  3.2814007e+002
  3.2297062e+002
  3.1986592e+002
  3.2020143e+002
  3.2019575e+002
  3.1966609e+002
  3.1961831e+002
  3.2206271e+002
  3.2127915e+002
  3.1670011e+002
  3.1449727e+002
  3.1450121e+002
  3.1509376e+002
  3.1356598e+002
  3.1350860e+002
  3.1223211e+002
  3.0986278e+002
  3.1272528e+002
  3.1221041e+002
  3.1582015e+002
  3.1698066e+002
  3.1733269e+002
  3.2155220e+002
  3.2327654e+002
  3.2758469e+002
  3.3327476e+002
  3.3511043e+002
  3.3887750e+002
  3.3985317e+002
  3.4363701e+002
  3.4224955e+002
  3.4469313e+002
  3.4344830e+002
  3.4265926e+002
  3.4249041e+002
  3.3795763e+002
  3.3795767e+002
  3.3541199e+002
  3.3405765e+002
  3.3305534e+002
  3.3446609e+002
  3.3274289e+002
  3.3080094e+002
  3.2883475e+002
  3.2774782e+002
  3.2534181e+002
  3.2081010e+002
  3.2173049e+002
  3.2278870e+002
  3.2095519e+002
  3.1777691e+002
  3.1796088e+002
  3.1877454e+002
  3.2086239e+002
  3.1880981e+002
  3.2279637e+002
  3.2411734e+002
  3.2189989e+002
  3.2184513e+002
  3.2214421e+002
  3.2178331e+002
  3.2167618e+002
  3.2032100e+002
  3.1832155e+002
  3.1571485e+002
  3.1435263e+002
  3.1473094e+002
  3.1353835e+002
  3.1428486e+002
  3.1342472e+002
  3.1068503e+002
  3.1420413e+002
  3.1228911e+002
  3.0981779e+002
  3.0611567e+002
  3.0787268e+002
  3.0327616e+002
  3.0816855e+002
  3.0777973e+002
  3.0725738e+002
  3.0455598e+002
  3.0365439e+002
  3.0408285e+002
  3.0203483e+002
  3.0251559e+002
  3.0280240e+002
  3.0504216e+002
  3.0374495e+002
  2.9808795e+002
  2.9771860e+002
  3.0010527e+002
  3.0018318e+002
  2.9720262e+002
  2.9745107e+002
  2.9886373e+002
  2.9488098e+002
  2.9222282e+002
  2.9179240e+002
  2.9051280e+002
  2.8857465e+002
  2.8934083e+002
  2.8804876e+002
  2.8781077e+002
  2.9144238e+002
  2.9134486e+002
  2.9209713e+002
  2.8771958e+002
  2.8498882e+002
  2.8416178e+002
  2.8579066e+002
  2.8577091e+002
  2.8122859e+002
  2.8240409e+002
  2.8334314e+002
  2.8482737e+002
  2.8310041e+002
  2.8371278e+002
  2.8523946e+002
  2.8193810e+002
  2.7852712e+002
  2.7757915e+002
  2.7958776e+002
  2.8204789e+002
  2.8190403e+002
  2.7859003e+002
  2.7854996e+002
  2.7744059e+002
  2.7790952e+002
  2.7710131e+002
  2.7776892e+002
  2.7388937e+002
  2.7550984e+002
  2.7883695e+002
  2.7642698e+002
  2.7724642e+002
  2.7955354e+002
  2.7621732e+002
  2.7782270e+002
  2.7546295e+002
  2.7536290e+002
  2.7670381e+002
  2.7555327e+002
  2.7374322e+002
  2.7006505e+002
  2.6858947e+002
  2.6214412e+002
  2.6324545e+002
  2.6227657e+002
  2.6224021e+002
  2.6275294e+002
  2.6107376e+002
  2.6091030e+002
  2.5612108e+002
  2.5721323e+002
  2.5683935e+002
  2.5566628e+002
  2.5689839e+002
  2.5215198e+002
  2.5374090e+002
  2.5120133e+002
  2.5253697e+002
  2.4822789e+002
  2.5054119e+002
  2.5095750e+002
  2.5128606e+002
  2.5193593e+002
  2.5374370e+002
  2.5096627e+002
  2.4991477e+002
  2.5296476e+002
  2.4923342e+002
  2.4640433e+002
  2.4444368e+002
  2.4567020e+002
  2.4336388e+002
  2.4325161e+002
  2.4135912e+002
  2.3883384e+002
  2.3822998e+002
  2.3742936e+002
  2.3900577e+002
  2.3426791e+002
  2.3475815e+002
  2.3536379e+002
  2.3464487e+002
  2.3564025e+002
  2.3426570e+002
  2.3601953e+002
  2.3220227e+002
  2.2942792e+002
  2.3177932e+002
  2.3155398e+002
  2.3051217e+002
  2.2985802e+002
  2.2880765e+002
  2.2584461e+002
  2.2844155e+002
  2.2734151e+002
  2.2713235e+002
  2.2456030e+002
  2.2306507e+002
  2.2648211e+002
  2.2617935e+002
  2.2629403e+002
  2.2362961e+002
  2.2327436e+002
  2.2296331e+002
  2.2335796e+002
  2.2139678e+002
  2.2204105e+002
  2.2329289e+002
  2.2063159e+002
  2.2158535e+002
  2.2176982e+002
  2.2149080e+002
  2.1849218e+002
  2.1369808e+002
  2.1569898e+002
  2.1890484e+002
  2.1688398e+002
  2.1534420e+002
  2.1539862e+002
  2.1651928e+002
  2.1623336e+002
  2.1752077e+002
  2.1542048e+002
  2.1243319e+002
  2.0986076e+002
  2.1132970e+002
  2.1363969e+002
  2.1057883e+002
  2.1002909e+002
  2.0820084e+002
  2.1200210e+002
  2.0986471e+002
  2.0769725e+002
  2.0657931e+002
  2.0661057e+002
  2.0771421e+002
  2.0743382e+002
  2.0784068e+002
  2.0613818e+002
  2.0621653e+002
  2.0978852e+002
  2.0893993e+002
  2.1019295e+002
  2.0781688e+002
  2.0678399e+002
  2.0762455e+002
  2.0812210e+002
  2.1189467e+002
  2.0999025e+002
  2.0730978e+002
  2.0592922e+002
  2.0327746e+002
  2.0491959e+002
  2.0383793e+002
  2.0156735e+002
  2.0253548e+002
  2.0333123e+002
  1.9834398e+002
  1.9965957e+002
  2.0018066e+002
  1.9904176e+002
  2.0065001e+002
  1.9716448e+002
  1.9996868e+002
  1.9788623e+002
  1.9854319e+002
  1.9531706e+002
  2.0163658e+002
  1.9638435e+002
  1.9600741e+002
  2.0014390e+002
  1.9700632e+002
  1.9293010e+002
  1.9577220e+002
  1.9649954e+002
  1.9700296e+002
  1.9936026e+002
  2.0033987e+002
  1.9961221e+002
  1.9615670e+002
  1.9794340e+002
  1.9838891e+002
  1.9910257e+002
  1.9709604e+002
  1.9696527e+002
  1.9822703e+002
  1.9730377e+002
  1.9955367e+002
  1.9751689e+002
  1.9669637e+002
  1.9596914e+002
  1.9756325e+002
  2.0057182e+002
  1.9503770e+002
  1.9594498e+002
  1.9471131e+002
  1.9597743e+002
  1.9524935e+002
  1.9727525e+002
  1.9410631e+002
  1.9728738e+002
  1.9775123e+002
  1.9152120e+002
  1.9592847e+002
  1.9814711e+002
  1.9940622e+002
  1.9995680e+002
  2.0171171e+002
  2.0316326e+002
  1.9969678e+002
  2.0108845e+002
  1.9811883e+002
  1.9940709e+002
  1.9855335e+002
  1.9998037e+002
  1.9890128e+002
  1.9577618e+002
  1.9583449e+002
  1.9934216e+002
  1.9821883e+002
  1.9661588e+002
  2.0015716e+002
  1.9781174e+002
  1.9924327e+002
  2.0188399e+002
  1.9983542e+002
  1.9614617e+002
  1.9940038e+002
  1.9891237e+002
  2.0085206e+002
  1.9816311e+002
  1.9561876e+002
  1.9463662e+002
  1.9597864e+002
  1.9745420e+002
  1.9472668e+002
  1.9508240e+002
  1.9584758e+002
  1.9609414e+002
  1.9559863e+002
  1.9423282e+002
  1.9538480e+002
  1.9467640e+002
  1.9674007e+002
  1.9576240e+002
  1.9525275e+002
  1.9490114e+002
  1.9474790e+002
  1.9463671e+002
  1.9327791e+002
  1.9796122e+002
  1.9687087e+002
  1.9843130e+002
  1.9760040e+002
  1.9604931e+002
  1.9656177e+002
  1.9815320e+002
  1.9715463e+002
  2.0199788e+002
  1.9721093e+002
  1.9967657e+002
  2.0169836e+002
  1.9929119e+002
  1.9809308e+002
  1.9808086e+002
  2.0233064e+002
  2.0219252e+002
  2.0260788e+002
  2.0134054e+002
  2.0402460e+002
  2.0311528e+002
  2.0341808e+002
  2.0398014e+002
  2.0260286e+002
  2.0608213e+002
  2.0552791e+002
  2.0798289e+002
  2.0807975e+002
  2.0982636e+002
  2.1058260e+002
  2.1116719e+002
  2.1290960e+002
  2.0997332e+002
  2.1079718e+002
  2.1141412e+002
  2.1161882e+002
  2.1627313e+002
  2.1145271e+002
  2.1279021e+002
  2.1200189e+002
  2.1607255e+002
  2.1458404e+002
  2.1556038e+002
  2.1674197e+002
  2.1401604e+002
  2.1624792e+002
  2.1703370e+002
  2.1810854e+002
  2.1299664e+002
  2.1464010e+002
  2.1620348e+002
  2.1548794e+002
  2.2007418e+002
  2.2075157e+002
  2.2275647e+002
  2.2181896e+002
  2.2299886e+002
  2.2287217e+002
  2.2283977e+002
  2.2194134e+002
  2.2209128e+002
  2.2060290e+002
  2.2008389e+002
  2.2108734e+002
  2.1908452e+002
  2.1961649e+002
  2.1995188e+002
  2.2337866e+002
  2.2078194e+002
  2.2138212e+002
  2.2100404e+002
  2.1871793e+002
  2.2091321e+002
  2.1919259e+002
  2.1877444e+002
  2.2228104e+002
  2.2053393e+002
  2.1717490e+002
  2.1946105e+002
  2.1820726e+002
  2.1989027e+002
  2.2150199e+002
  2.2043735e+002
  2.2123248e+002
  2.1911866e+002
  2.1978804e+002
  2.1644636e+002
  2.1421782e+002
  2.1339165e+002
  2.1621848e+002
  2.1898358e+002
  2.1898948e+002
  2.1733317e+002
  2.1747971e+002
  2.1936065e+002
  2.1862098e+002
  2.1673671e+002
  2.1671351e+002
  2.1609271e+002
  2.1626138e+002
  2.1099406e+002
  2.1085781e+002
  2.0930320e+002
  2.1177115e+002
  2.1097834e+002
  2.1327651e+002
  2.1050122e+002
  2.0769314e+002
  2.0981083e+002
  2.0984462e+002
  2.1196339e+002
  2.1064725e+002
  2.0909300e+002
  2.0895854e+002
  2.1234341e+002
  2.0833962e+002
  2.0892569e+002
  2.0681485e+002
  2.0947044e+002
  2.0667390e+002
  2.0544458e+002
  2.0863396e+002
  2.0973018e+002
  2.1040393e+002
  2.0936430e+002
  2.0870431e+002
  2.0730288e+002
  2.0982885e+002
  2.0887600e+002
  2.0658848e+002
  2.0408691e+002
  2.0695707e+002
  2.0523365e+002
  2.0441165e+002
  2.0506971e+002
  2.0606339e+002
  2.0482208e+002
  2.0603850e+002
  2.0591923e+002
  2.0751707e+002
  2.0336689e+002
  2.0505613e+002
  2.0268978e+002
  1.9685780e+002
  1.9883261e+002
  1.9893106e+002
  2.0168370e+002
  2.0033673e+002
  2.0070313e+002
  1.9956779e+002
  1.9876697e+002
  1.9935809e+002
  1.9953357e+002
  1.9821130e+002
  2.0065233e+002
  1.9819141e+002
  1.9950738e+002
  1.9578296e+002
  1.9594735e+002
  1.9675971e+002
  1.9777405e+002
  1.9848842e+002
  1.9839297e+002
  1.9802289e+002
  1.9510747e+002
  1.9904931e+002
  2.0122127e+002
  1.9966012e+002
  1.9853180e+002
  1.9886179e+002
  1.9557764e+002
  1.9382010e+002
  1.9236869e+002
  1.9570091e+002
  1.9522994e+002
  1.9629201e+002
  1.9793620e+002
  1.9377572e+002
  1.9399207e+002
  1.9518385e+002
  1.9533086e+002
  1.9791569e+002
  1.9757677e+002
  1.9640049e+002
  1.9089253e+002
  1.9298099e+002
  1.9514766e+002
  1.9447666e+002
  1.9542539e+002
  1.9076995e+002
  1.9012644e+002
  1.9178318e+002
  1.9034620e+002
  1.9119085e+002
  1.9411278e+002
  1.9437247e+002
  1.9374827e+002
  1.9041688e+002
  1.9122672e+002
  1.9022743e+002
  1.9044300e+002
  1.8990406e+002
  1.9584205e+002
  1.9338018e+002
  1.9301647e+002
  1.9315190e+002
  1.9097307e+002
  1.9181086e+002
  1.9255561e+002
  1.9542319e+002
  1.9576906e+002
  1.9728011e+002
  1.9799087e+002
  1.9475587e+002
  1.9470594e+002
  1.9550626e+002
  1.9337704e+002
  1.9407202e+002
  1.9674810e+002
  1.9641797e+002
  1.9732559e+002
  1.9846538e+002
  1.9864334e+002
  1.9779603e+002
  1.9999670e+002
  2.0138602e+002
  2.0070452e+002
  2.0524045e+002
  2.0781477e+002
  2.0691241e+002
  2.0797042e+002
  2.1068753e+002
  2.0495295e+002
  2.0336998e+002
  2.0477842e+002
  2.0508468e+002
  2.0673686e+002
  2.0443820e+002
  2.0551709e+002
  2.0776820e+002
  2.0881939e+002
  2.1145815e+002
  2.1197414e+002
  2.1383575e+002
  2.1756904e+002
  2.1553277e+002
  2.1688689e+002
  2.2135231e+002
  2.2229218e+002
  2.2218968e+002
  2.2031142e+002
  2.2247353e+002
  2.2174408e+002
  2.2144418e+002
  2.2047418e+002
  2.2406428e+002
  2.2498964e+002
  2.2133535e+002
  2.2524307e+002
  2.2740674e+002
  2.2581466e+002
  2.2328717e+002
  2.2623747e+002
  2.2876521e+002
  2.2758388e+002
  2.2691389e+002
  2.3186685e+002
  2.3582299e+002
  2.3520968e+002
  2.4135148e+002
  2.4964256e+002
  2.5893605e+002
  2.6918000e+002
  2.7820884e+002
  2.7944314e+002
  2.7984628e+002
  2.8048595e+002
  2.8185338e+002
  2.8780900e+002
  2.8756760e+002
  2.8817219e+002
  2.8813049e+002
  2.9185049e+002
  2.9170323e+002
  2.9113477e+002
  2.9201729e+002
  2.9343950e+002
  2.9505254e+002
  2.9888417e+002
  2.9787796e+002
  3.0124489e+002
  2.9777561e+002
  2.9941496e+002
  2.9953038e+002
  2.9871693e+002
  2.9997823e+002
  2.9972440e+002
  3.0050578e+002
  2.9861318e+002
  3.0315851e+002
  3.0412923e+002
  3.1118157e+002
  3.1163475e+002
  3.1385680e+002
  3.1524080e+002
  3.1610999e+002
  3.1738418e+002
  3.1873823e+002
  3.1826211e+002
  3.2184501e+002
  3.2012903e+002
  3.2016316e+002
  3.2052434e+002
  3.2056615e+002
  3.1828421e+002
  3.1788027e+002
  3.1621032e+002
  3.1532563e+002
  3.1657980e+002
  3.1495450e+002
  3.1726229e+002
  3.1491609e+002
  3.1351303e+002
  3.1287987e+002
  3.1497211e+002
  3.0988968e+002
  3.1132450e+002
  3.1201551e+002
  3.1420249e+002
  3.1601313e+002
  3.2464017e+002
  3.3201920e+002
  3.3637062e+002
  3.3826912e+002
  3.3730792e+002
  3.3620545e+002
  3.4015010e+002
  3.3666940e+002
  3.3794485e+002
  3.3270061e+002
  3.3382767e+002
  3.3446014e+002
  3.3107105e+002
  3.3111333e+002
  3.3133239e+002
  3.3075452e+002
  3.3018106e+002
  3.2945218e+002
  3.2993276e+002
  3.2609719e+002
  3.2579968e+002
  3.2721077e+002
  3.2375822e+002
  3.2497229e+002
  3.2396581e+002
  3.2324008e+002
  3.2385476e+002
