  0.0000000e+000
  1.8837156e-001
  3.7599970e-001
  5.6214394e-001
  7.4606966e-001
  9.2705098e-001
  1.1043737e+000
  1.2773379e+000
  1.4452610e+000
  1.6074804e+000
  1.7633558e+000
  1.9122720e+000
  2.0536413e+000
  2.1869059e+000
  2.3115397e+000
  2.4270510e+000
  2.5329838e+000
  2.6289200e+000
  2.7144812e+000
  2.7893295e+000
  2.8531695e+000
  2.9057495e+000
  2.9468618e+000
  2.9763441e+000
  2.9940802e+000
  3.0000000e+000
  2.9940802e+000
  2.9763441e+000
  2.9468618e+000
  2.9057495e+000
  2.8531695e+000
  2.7893295e+000
  2.7144812e+000
  2.6289200e+000
  2.5329838e+000
  2.4270510e+000
  2.3115397e+000
  2.1869059e+000
  2.0536413e+000
  1.9122720e+000
  1.7633558e+000
  1.6074804e+000
  1.4452610e+000
  1.2773379e+000
  1.1043737e+000
  9.2705098e-001
  7.4606966e-001
  5.6214394e-001
  3.7599970e-001
  1.8837156e-001
  3.6739404e-016
 -1.8837156e-001
 -3.7599970e-001
 -5.6214394e-001
 -7.4606966e-001
 -9.2705098e-001
 -1.1043737e+000
 -1.2773379e+000
 -1.4452610e+000
 -1.6074804e+000
 -1.7633558e+000
 -1.9122720e+000
 -2.0536413e+000
 -2.1869059e+000
 -2.3115397e+000
 -2.4270510e+000
 -2.5329838e+000
 -2.6289200e+000
 -2.7144812e+000
 -2.7893295e+000
 -2.8531695e+000
 -2.9057495e+000
 -2.9468618e+000
 -2.9763441e+000
 -2.9940802e+000
 -3.0000000e+000
 -2.9940802e+000
 -2.9763441e+000
 -2.9468618e+000
 -2.9057495e+000
 -2.8531695e+000
 -2.7893295e+000
 -2.7144812e+000
 -2.6289200e+000
 -2.5329838e+000
 -2.4270510e+000
 -2.3115397e+000
 -2.1869059e+000
 -2.0536413e+000
 -1.9122720e+000
 -1.7633558e+000
 -1.6074804e+000
 -1.4452610e+000
 -1.2773379e+000
 -1.1043737e+000
 -9.2705098e-001
 -7.4606966e-001
 -5.6214394e-001
 -3.7599970e-001
 -1.8837156e-001
 -7.3478808e-016
  1.8837156e-001
  3.7599970e-001
  5.6214394e-001
  7.4606966e-001
  9.2705098e-001
  1.1043737e+000
  1.2773379e+000
  1.4452610e+000
  1.6074804e+000
  1.7633558e+000
  1.9122720e+000
  2.0536413e+000
  2.1869059e+000
  2.3115397e+000
  2.4270510e+000
  2.5329838e+000
  2.6289200e+000
  2.7144812e+000
  2.7893295e+000
  2.8531695e+000
  2.9057495e+000
  2.9468618e+000
  2.9763441e+000
  2.9940802e+000
  3.0000000e+000
  2.9940802e+000
  2.9763441e+000
  2.9468618e+000
  2.9057495e+000
  2.8531695e+000
  2.7893295e+000
  2.7144812e+000
  2.6289200e+000
  2.5329838e+000
  2.4270510e+000
  2.3115397e+000
  2.1869059e+000
  2.0536413e+000
  1.9122720e+000
  1.7633558e+000
  1.6074804e+000
  1.4452610e+000
  1.2773379e+000
  1.1043737e+000
  9.2705098e-001
  7.4606966e-001
  5.6214394e-001
  3.7599970e-001
  1.8837156e-001
  1.1021821e-015
 -1.8837156e-001
 -3.7599970e-001
 -5.6214394e-001
 -7.4606966e-001
 -9.2705098e-001
 -1.1043737e+000
 -1.2773379e+000
 -1.4452610e+000
 -1.6074804e+000
 -1.7633558e+000
 -1.9122720e+000
 -2.0536413e+000
 -2.1869059e+000
 -2.3115397e+000
 -2.4270510e+000
 -2.5329838e+000
 -2.6289200e+000
 -2.7144812e+000
 -2.7893295e+000
 -2.8531695e+000
 -2.9057495e+000
 -2.9468618e+000
 -2.9763441e+000
 -2.9940802e+000
 -3.0000000e+000
 -2.9940802e+000
 -2.9763441e+000
 -2.9468618e+000
 -2.9057495e+000
 -2.8531695e+000
 -2.7893295e+000
 -2.7144812e+000
 -2.6289200e+000
 -2.5329838e+000
 -2.4270510e+000
 -2.3115397e+000
 -2.1869059e+000
 -2.0536413e+000
 -1.9122720e+000
 -1.7633558e+000
 -1.6074804e+000
 -1.4452610e+000
 -1.2773379e+000
 -1.1043737e+000
 -9.2705098e-001
 -7.4606966e-001
 -5.6214394e-001
 -3.7599970e-001
 -1.8837156e-001
 -1.4695762e-015
  1.8837156e-001
  3.7599970e-001
  5.6214394e-001
  0.0000000e+000
  0.0000000e+000
  0.0000000e+000
  1.2773379e+000
  1.4452610e+000
  1.6074804e+000
  1.7633558e+000
  1.9122720e+000
  2.0536413e+000
  2.1869059e+000
  2.3115397e+000
  2.4270510e+000
  2.5329838e+000
  2.6289200e+000
  2.7144812e+000
  2.7893295e+000
  2.8531695e+000
  2.9057495e+000
  2.9468618e+000
  2.9763441e+000
  2.9940802e+000
  3.0000000e+000
  2.9940802e+000
  2.9763441e+000
  2.9468618e+000
  2.9057495e+000
  2.8531695e+000
  2.7893295e+000
  2.7144812e+000
  2.6289200e+000
  2.5329838e+000
  2.4270510e+000
  2.3115397e+000
  2.1869059e+000
  2.0536413e+000
  1.9122720e+000
  1.7633558e+000
  1.6074804e+000
  1.4452610e+000
  1.2773379e+000
  1.1043737e+000
  9.2705098e-001
  7.4606966e-001
  5.6214394e-001
  3.7599970e-001
  1.8837156e-001
  1.8369702e-015
 -1.8837156e-001
 -3.7599970e-001
 -5.6214394e-001
 -7.4606966e-001
 -9.2705098e-001
 -1.1043737e+000
 -1.2773379e+000
 -1.4452610e+000
 -1.6074804e+000
 -1.7633558e+000
 -1.9122720e+000
 -2.0536413e+000
 -2.1869059e+000
 -2.3115397e+000
 -2.4270510e+000
 -2.5329838e+000
 -2.6289200e+000
 -2.7144812e+000
 -2.7893295e+000
 -2.8531695e+000
 -2.9057495e+000
 -2.9468618e+000
 -2.9763441e+000
 -2.9940802e+000
 -3.0000000e+000
 -2.9940802e+000
 -2.9763441e+000
 -2.9468618e+000
 -2.9057495e+000
 -2.8531695e+000
 -2.7893295e+000
 -2.7144812e+000
 -2.6289200e+000
 -2.5329838e+000
 -2.4270510e+000
 -2.3115397e+000
 -2.1869059e+000
 -2.0536413e+000
 -1.9122720e+000
 -1.7633558e+000
 -1.6074804e+000
 -1.4452610e+000
 -1.2773379e+000
 -1.1043737e+000
 -9.2705098e-001
 -7.4606966e-001
 -5.6214394e-001
 -3.7599970e-001
 -1.8837156e-001
 -2.2043642e-015
  1.8837156e-001
  3.7599970e-001
  5.6214394e-001
  7.4606966e-001
  9.2705098e-001
  1.1043737e+000
  1.2773379e+000
  1.4452610e+000
  1.6074804e+000
  1.7633558e+000
  1.9122720e+000
  2.0536413e+000
  2.1869059e+000
  2.3115397e+000
  2.4270510e+000
  2.5329838e+000
  2.6289200e+000
  2.7144812e+000
  2.7893295e+000
  2.8531695e+000
  2.9057495e+000
  2.9468618e+000
  2.9763441e+000
  2.9940802e+000
  3.0000000e+000
  2.9940802e+000
  2.9763441e+000
  2.9468618e+000
  2.9057495e+000
  2.8531695e+000
  2.7893295e+000
  2.7144812e+000
  2.6289200e+000
  2.5329838e+000
  2.4270510e+000
  2.3115397e+000
  2.1869059e+000
  2.0536413e+000
  1.9122720e+000
  1.7633558e+000
  1.6074804e+000
  1.4452610e+000
  1.2773379e+000
  1.1043737e+000
  9.2705098e-001
  7.4606966e-001
  5.6214394e-001
  3.7599970e-001
  1.8837156e-001
 -8.0863828e-015
 -1.8837156e-001
 -3.7599970e-001
 -5.6214394e-001
 -7.4606966e-001
 -9.2705098e-001
 -1.1043737e+000
 -1.2773379e+000
 -1.4452610e+000
 -1.6074804e+000
 -1.7633558e+000
 -1.9122720e+000
 -2.0536413e+000
 -2.1869059e+000
 -2.3115397e+000
 -2.4270510e+000
 -2.5329838e+000
 -2.6289200e+000
 -2.7144812e+000
 -2.7893295e+000
 -2.8531695e+000
 -2.9057495e+000
 -2.9468618e+000
 -2.9763441e+000
 -2.9940802e+000
 -3.0000000e+000
 -2.9940802e+000
 -2.9763441e+000
 -2.9468618e+000
 -2.9057495e+000
 -2.8531695e+000
 -2.7893295e+000
 -2.7144812e+000
 -2.6289200e+000
 -2.5329838e+000
 -2.4270510e+000
 -2.3115397e+000
 -2.1869059e+000
 -2.0536413e+000
 -1.9122720e+000
 -1.7633558e+000
 -1.6074804e+000
 -1.4452610e+000
 -1.2773379e+000
 -1.1043737e+000
 -9.2705098e-001
 -7.4606966e-001
 -5.6214394e-001
 -3.7599970e-001
 -1.8837156e-001
 -2.9391523e-015
  1.8837156e-001
  3.7599970e-001
  5.6214394e-001
  7.4606966e-001
  9.2705098e-001
  1.1043737e+000
  1.2773379e+000
  1.4452610e+000
  1.6074804e+000
  1.7633558e+000
  1.9122720e+000
  2.0536413e+000
  2.1869059e+000
  2.3115397e+000
  2.4270510e+000
  2.5329838e+000
  2.6289200e+000
  2.7144812e+000
  2.7893295e+000
  2.8531695e+000
  2.9057495e+000
  0.0000000e+000
  0.0000000e+000
  0.0000000e+000
  3.0000000e+000
  2.9940802e+000
  2.9763441e+000
  2.9468618e+000
  2.9057495e+000
  2.8531695e+000
  2.7893295e+000
  2.7144812e+000
  2.6289200e+000
  2.5329838e+000
  2.4270510e+000
  2.3115397e+000
  2.1869059e+000
  2.0536413e+000
  1.9122720e+000
  1.7633558e+000
  1.6074804e+000
  1.4452610e+000
  1.2773379e+000
  1.1043737e+000
  9.2705098e-001
  7.4606966e-001
  5.6214394e-001
  3.7599970e-001
  1.8837156e-001
  3.3065464e-015
 -1.8837156e-001
 -3.7599970e-001
 -5.6214394e-001
 -7.4606966e-001
 -9.2705098e-001
 -1.1043737e+000
 -1.2773379e+000
 -1.4452610e+000
 -1.6074804e+000
 -1.7633558e+000
 -1.9122720e+000
 -2.0536413e+000
 -2.1869059e+000
 -2.3115397e+000
 -2.4270510e+000
 -2.5329838e+000
 -2.6289200e+000
 -2.7144812e+000
 -2.7893295e+000
 -2.8531695e+000
 -2.9057495e+000
 -2.9468618e+000
 -2.9763441e+000
 -2.9940802e+000
 -3.0000000e+000
 -2.9940802e+000
 -2.9763441e+000
 -2.9468618e+000
 -2.9057495e+000
 -2.8531695e+000
 -2.7893295e+000
 -2.7144812e+000
 -2.6289200e+000
 -2.5329838e+000
 -2.4270510e+000
 -2.3115397e+000
 -2.1869059e+000
 -2.0536413e+000
 -1.9122720e+000
 -1.7633558e+000
 -1.6074804e+000
 -1.4452610e+000
 -1.2773379e+000
 -1.1043737e+000
 -9.2705098e-001
 -7.4606966e-001
 -5.6214394e-001
 -3.7599970e-001
 -1.8837156e-001
 -3.6739404e-015
  1.8837156e-001
  3.7599970e-001
  5.6214394e-001
  0.0000000e+000
  0.0000000e+000
  0.0000000e+000
  1.2773379e+000
  1.4452610e+000
  1.6074804e+000
  1.7633558e+000
  1.9122720e+000
  2.0536413e+000
  2.1869059e+000
  2.3115397e+000
  2.4270510e+000
  2.5329838e+000
  2.6289200e+000
  2.7144812e+000
  2.7893295e+000
  2.8531695e+000
  2.9057495e+000
  2.9468618e+000
  2.9763441e+000
  2.9940802e+000
  3.0000000e+000
  2.9940802e+000
  2.9763441e+000
  2.9468618e+000
  2.9057495e+000
  2.8531695e+000
  2.7893295e+000
  2.7144812e+000
  2.6289200e+000
  2.5329838e+000
  2.4270510e+000
  2.3115397e+000
  2.1869059e+000
  2.0536413e+000
  1.9122720e+000
  1.7633558e+000
  1.6074804e+000
  1.4452610e+000
  1.2773379e+000
  1.1043737e+000
  9.2705098e-001
  7.4606966e-001
  5.6214394e-001
  3.7599970e-001
  1.8837156e-001
 -6.6168066e-015
 -1.8837156e-001
 -3.7599970e-001
 -5.6214394e-001
 -7.4606966e-001
 -9.2705098e-001
 -1.1043737e+000
 -1.2773379e+000
 -1.4452610e+000
 -1.6074804e+000
 -1.7633558e+000
 -1.9122720e+000
 -2.0536413e+000
 -2.1869059e+000
 -2.3115397e+000
 -2.4270510e+000
 -2.5329838e+000
 -2.6289200e+000
 -2.7144812e+000
 -2.7893295e+000
 -2.8531695e+000
 -2.9057495e+000
 -2.9468618e+000
 -2.9763441e+000
 -2.9940802e+000
 -3.0000000e+000
 -2.9940802e+000
 -2.9763441e+000
 -2.9468618e+000
 -2.9057495e+000
 -2.8531695e+000
 -2.7893295e+000
 -2.7144812e+000
 -2.6289200e+000
 -2.5329838e+000
 -2.4270510e+000
 -2.3115397e+000
 -2.1869059e+000
 -2.0536413e+000
 -1.9122720e+000
 -1.7633558e+000
 -1.6074804e+000
 -1.4452610e+000
 -1.2773379e+000
 -1.1043737e+000
 -9.2705098e-001
 -7.4606966e-001
 -5.6214394e-001
 -3.7599970e-001
 -1.8837156e-001
 -4.4087285e-015
  1.8837156e-001
  3.7599970e-001
  5.6214394e-001
  7.4606966e-001
  9.2705098e-001
  1.1043737e+000
  1.2773379e+000
  1.4452610e+000
  1.6074804e+000
  1.7633558e+000
  1.9122720e+000
  2.0536413e+000
  2.1869059e+000
  2.3115397e+000
  2.4270510e+000
  2.5329838e+000
  2.6289200e+000
  2.7144812e+000
  2.7893295e+000
  2.8531695e+000
  2.9057495e+000
  2.9468618e+000
  2.9763441e+000
  2.9940802e+000
  3.0000000e+000
  2.9940802e+000
  2.9763441e+000
  2.9468618e+000
  2.9057495e+000
  2.8531695e+000
  2.7893295e+000
  2.7144812e+000
  2.6289200e+000
  2.5329838e+000
  2.4270510e+000
  2.3115397e+000
  2.1869059e+000
  2.0536413e+000
  1.9122720e+000
  1.7633558e+000
  1.6074804e+000
  1.4452610e+000
  1.2773379e+000
  1.1043737e+000
  9.2705098e-001
  7.4606966e-001
  5.6214394e-001
  3.7599970e-001
  1.8837156e-001
  1.5434264e-014
 -1.8837156e-001
 -3.7599970e-001
 -5.6214394e-001
 -7.4606966e-001
 -9.2705098e-001
 -1.1043737e+000
 -1.2773379e+000
 -1.4452610e+000
 -1.6074804e+000
 -1.7633558e+000
 -1.9122720e+000
 -2.0536413e+000
 -2.1869059e+000
 -2.3115397e+000
 -2.4270510e+000
 -2.5329838e+000
 -2.6289200e+000
 -2.7144812e+000
 -2.7893295e+000
 -2.8531695e+000
 -2.9057495e+000
 -2.9468618e+000
 -2.9763441e+000
 -2.9940802e+000
 -3.0000000e+000
 -2.9940802e+000
 -2.9763441e+000
 -2.9468618e+000
 -2.9057495e+000
 -2.8531695e+000
 -2.7893295e+000
 -2.7144812e+000
 -2.6289200e+000
 -2.5329838e+000
 -2.4270510e+000
 -2.3115397e+000
 -2.1869059e+000
 -2.0536413e+000
 -1.9122720e+000
 -1.7633558e+000
 -1.6074804e+000
 -1.4452610e+000
 -1.2773379e+000
 -1.1043737e+000
 -9.2705098e-001
 -7.4606966e-001
 -5.6214394e-001
 -3.7599970e-001
  0.0000000e+000
  0.0000000e+000
  0.0000000e+000
  0.0000000e+000
  0.0000000e+000
  0.0000000e+000
  0.0000000e+000
  0.0000000e+000
  0.0000000e+000
  1.4452610e+000
  1.6074804e+000
  1.7633558e+000
  1.9122720e+000
  2.0536413e+000
  2.1869059e+000
  2.3115397e+000
  2.4270510e+000
  2.5329838e+000
  2.6289200e+000
  2.7144812e+000
  2.7893295e+000
  2.8531695e+000
  2.9057495e+000
  2.9468618e+000
  2.9763441e+000
  2.9940802e+000
  3.0000000e+000
  2.9940802e+000
  2.9763441e+000
  2.9468618e+000
  2.9057495e+000
  2.8531695e+000
  2.7893295e+000
  2.7144812e+000
  2.6289200e+000
  2.5329838e+000
  2.4270510e+000
  2.3115397e+000
  2.1869059e+000
  2.0536413e+000
  1.9122720e+000
  1.7633558e+000
  1.6074804e+000
  1.4452610e+000
  1.2773379e+000
  1.1043737e+000
  9.2705098e-001
  7.4606966e-001
  5.6214394e-001
  3.7599970e-001
  1.8837156e-001
  1.6169052e-014
 -1.8837156e-001
 -3.7599970e-001
 -5.6214394e-001
 -7.4606966e-001
 -9.2705098e-001
 -1.1043737e+000
 -1.2773379e+000
 -1.4452610e+000
 -1.6074804e+000
 -1.7633558e+000
 -1.9122720e+000
 -2.0536413e+000
 -2.1869059e+000
 -2.3115397e+000
 -2.4270510e+000
 -2.5329838e+000
 -2.6289200e+000
 -2.7144812e+000
 -2.7893295e+000
 -2.8531695e+000
 -2.9057495e+000
 -2.9468618e+000
 -2.9763441e+000
 -2.9940802e+000
 -3.0000000e+000
 -2.9940802e+000
 -2.9763441e+000
 -2.9468618e+000
 -2.9057495e+000
 -2.8531695e+000
 -2.7893295e+000
 -2.7144812e+000
 -2.6289200e+000
 -2.5329838e+000
 -2.4270510e+000
 -2.3115397e+000
 -2.1869059e+000
 -2.0536413e+000
 -1.9122720e+000
 -1.7633558e+000
 -1.6074804e+000
 -1.4452610e+000
 -1.2773379e+000
 -1.1043737e+000
 -9.2705098e-001
 -7.4606966e-001
 -5.6214394e-001
 -3.7599970e-001
 -1.8837156e-001
 -5.8783046e-015
  1.8837156e-001
  3.7599970e-001
  5.6214394e-001
  7.4606966e-001
  9.2705098e-001
  1.1043737e+000
  1.2773379e+000
  1.4452610e+000
  1.6074804e+000
  1.7633558e+000
  1.9122720e+000
  2.0536413e+000
  2.1869059e+000
  2.3115397e+000
  2.4270510e+000
  2.5329838e+000
  2.6289200e+000
  2.7144812e+000
  2.7893295e+000
  2.8531695e+000
  2.9057495e+000
  2.9468618e+000
  2.9763441e+000
  2.9940802e+000
  3.0000000e+000
  2.9940802e+000
  2.9763441e+000
  2.9468618e+000
  2.9057495e+000
  2.8531695e+000
  2.7893295e+000
  2.7144812e+000
  2.6289200e+000
  2.5329838e+000
  2.4270510e+000
  2.3115397e+000
  2.1869059e+000
  2.0536413e+000
  1.9122720e+000
  1.7633558e+000
  1.6074804e+000
  1.4452610e+000
  1.2773379e+000
  1.1043737e+000
  9.2705098e-001
  7.4606966e-001
  5.6214394e-001
  3.7599970e-001
  1.8837156e-001
  1.6903840e-014
 -1.8837156e-001
 -3.7599970e-001
 -5.6214394e-001
 -7.4606966e-001
 -9.2705098e-001
 -1.1043737e+000
 -1.2773379e+000
 -1.4452610e+000
 -1.6074804e+000
 -1.7633558e+000
 -1.9122720e+000
 -2.0536413e+000
 -2.1869059e+000
 -2.3115397e+000
 -2.4270510e+000
 -2.5329838e+000
 -2.6289200e+000
 -2.7144812e+000
 -2.7893295e+000
 -2.8531695e+000
 -2.9057495e+000
 -2.9468618e+000
 -2.9763441e+000
 -2.9940802e+000
 -3.0000000e+000
 -2.9940802e+000
 -2.9763441e+000
 -2.9468618e+000
 -2.9057495e+000
 -2.8531695e+000
 -2.7893295e+000
 -2.7144812e+000
 -2.6289200e+000
 -2.5329838e+000
 -2.4270510e+000
 -2.3115397e+000
 -2.1869059e+000
 -2.0536413e+000
 -1.9122720e+000
 -1.7633558e+000
 -1.6074804e+000
 -1.4452610e+000
 -1.2773379e+000
 -1.1043737e+000
 -9.2705098e-001
 -7.4606966e-001
 -5.6214394e-001
 -3.7599970e-001
 -1.8837156e-001
 -6.6130927e-015
  1.8837156e-001
  3.7599970e-001
  5.6214394e-001
  7.4606966e-001
  9.2705098e-001
  1.1043737e+000
  1.2773379e+000
  1.4452610e+000
  1.6074804e+000
  1.7633558e+000
  1.9122720e+000
  2.0536413e+000
  2.1869059e+000
  2.3115397e+000
  2.4270510e+000
  2.5329838e+000
  2.6289200e+000
  2.7144812e+000
  2.7893295e+000
  2.8531695e+000
  2.9057495e+000
  2.9468618e+000
  2.9763441e+000
  2.9940802e+000
  3.0000000e+000
  2.9940802e+000
  2.9763441e+000
  2.9468618e+000
  2.9057495e+000
  2.8531695e+000
  2.7893295e+000
  2.7144812e+000
  2.6289200e+000
  2.5329838e+000
  2.4270510e+000
  2.3115397e+000
  2.1869059e+000
  2.0536413e+000
  1.9122720e+000
  1.7633558e+000
  1.6074804e+000
  1.4452610e+000
  1.2773379e+000
  1.1043737e+000
  9.2705098e-001
  7.4606966e-001
  5.6214394e-001
  3.7599970e-001
  1.8837156e-001
  1.7638628e-014
 -1.8837156e-001
 -3.7599970e-001
 -5.6214394e-001
 -7.4606966e-001
 -9.2705098e-001
 -1.1043737e+000
 -1.2773379e+000
 -1.4452610e+000
 -1.6074804e+000
 -1.7633558e+000
 -1.9122720e+000
 -2.0536413e+000
 -2.1869059e+000
 -2.3115397e+000
 -2.4270510e+000
 -2.5329838e+000
 -2.6289200e+000
 -2.7144812e+000
 -2.7893295e+000
 -2.8531695e+000
 -2.9057495e+000
 -2.9468618e+000
 -2.9763441e+000
 -2.9940802e+000
 -3.0000000e+000
 -2.9940802e+000
 -2.9763441e+000
 -2.9468618e+000
 -2.9057495e+000
 -2.8531695e+000
 -2.7893295e+000
 -2.7144812e+000
 -2.6289200e+000
 -2.5329838e+000
 -2.4270510e+000
 -2.3115397e+000
 -2.1869059e+000
 -2.0536413e+000
 -1.9122720e+000
 -1.7633558e+000
 -1.6074804e+000
 -1.4452610e+000
 -1.2773379e+000
 -1.1043737e+000
 -9.2705098e-001
 -7.4606966e-001
 -5.6214394e-001
 -3.7599970e-001
 -1.8837156e-001
 -7.3478808e-015
